479.901671427663
164.8309204151126
493.11278493762507
167.33582724478305
493.21978352575917
169.44778525233116
495.17080399318064
206.76060161063927
200.55738439058163
310.36048354569954
181.2360364248251
161.8925403783162
202.3135134432513
385.82221510187065
210.36903827991475
492.1254980646091
388.1529853352046
277.12873834087515
422.02120974023944
381.62609858727416
341.92160770099036
180.78434414310712
198.53541651179376
200.2123834233824
389.01014293998867
207.79401370593294
213.18431729906206
210.77773738741834
183.0160729141136
406.6786318940301
330.80057880927103
335.8752771764038
334.2021005119016
185.67406247943725
214.43749679456673
226.7688436081419
337.63696946822307
178.46999478596422
383.25124409090284
336.44149800069073
181.96777609693106
198.3622782773615
225.237044640221
283.4123041911914
172.6909058895827
185.42161697827189
436.3802754047971
184.60444518889443
287.88931785064295
267.7261462117884
382.8519560191873
368.02809870092676
178.95410108821727
391.0564183055397
362.5863185312631
341.59765919286446
432.2382273420266
333.0252334169411
180.02620347571894
390.337719884433
171.60143039607627
217.46669253305043
220.90514924195259
191.8919193166556
411.7293011573779
314.39379455371767
313.38909262434305
388.0307735361586
438.6671063645041
475.78949559122174
270.7855973487069
280.6644849470466
162.42068644974478
493.02731958841866
222.54429462978692
383.85882803220676
161.4942595428182
340.41214408194276
336.95687704797666
206.46825117990363
226.82183275460653
215.35957514271857
210.12099138741831
161.4942595428182
278.55324212814327
411.0569366891238
185.84181447943723
234.8228817887946
191.43659931665556
307.5392985243876
196.17995504431684
308.77128238802396
382.0185110322068
184.1492416679709
333.88069027447233
281.7755643631304
342.8744262929033
213.2017636575923
286.01525457902585
333.29768963161524
819.6059370702352
1531.4769720373163
806.319403097375
1704.0019685651077
1217.7093700797252
602.6226698557455
1394.9030920774785
1458.3993748994449
759.34143460928
1422.6745404246853
715.4308384332516
1509.9170005869435
1403.1014303749416
1581.3404846436804
1528.943567819294
1477.871273530962
787.3442791380565
705.0870571631051
1279.6584326539576
715.8657589328875
1669.9970373311264
1629.7533125435048
757.099591948328
1110.7069864585835
751.1761374975048
1634.207777090679
801.897163235952
727.7412480289405
601.6627518713414
763.6248009345097
1496.2653145319975
951.3963038713068
1015.5341071292388
787.4739750872867
1426.7473824342048
782.4884646656965
1122.3462867707294
1363.0470004010535
1485.0337757637121
904.0827293948427
635.7595310807403
970.8362450177996
1154.003891180625
756.384808012861
990.607822719142
1351.263901185687
1598.1356535471875
1470.70451635407
806.5715941115129
1491.665288602206
790.602351474677
1481.4298869319134
1079.8580936331844
1503.2203276710984
1352.1404019431645
830.8834604411676
1161.568750656219
1225.0829359891773
784.4690352967873
706.1607168936245
1314.5071889896774
581.1768365461207
1070.9249395203121
851.8345826134778
1507.8943186404763
1330.7622732681207
782.468415728956
742.938989097458
1684.4583799594716
405.50478772036956
757.7974648476428
955.8109335603694
810.0023007018813
1149.676646267788
1215.0167753871222
1356.3333711582295
1567.2848509777366
756.2122039507059
684.7670762025198
753.4379160414053
1549.356424741583
1277.986374471084
876.774788234874
1700.031372619442
1011.5876905861642
1101.200213955414
760.5465099270159
805.6773504765922
816.6099256863704
1449.3728287437682
1548.4225149665915
1295.909595274846
929.7403842603434
570.4621959317897
529.7942725173992
1126.7927361530408
982.022983441322
689.170667491332
702.130663375975
856.9573422697038
1901.3543655796434
1591.9630625175837
1555.5950115814499
1091.1265902683265
1544.0189416319224
2052.9762795154193
1185.8278715830288
1058.2429508719335
1200.1032519929988
1697.1418293254935
1561.3012038829236
1398.4457166428579
1588.0475166614422
1139.707362387169
1764.069523218003
1723.7493588259504
1631.4602866117195
1171.0697472459767
1873.2213695359349
1483.8519570839028
1070.6903650336533
1427.8923651484852
1910.8547215894632
1742.2556351916417
1637.2100118847575
1439.8500499116058
1368.6008073936075
1831.671498759694
997.1541258943379
1649.7838397988396
631.282925006715
1565.720822275441
1168.1938290367684
1652.3052393935625
1096.986229768275
1790.500205554305
1113.670595211207
1648.7274619628142
1666.5844014473867
1596.2288787871591
1204.8778841510368
1556.9195375783102
793.0594083366634
1581.3587070335625
1681.2330990095109
1785.852429449521
1957.7080747421185
1797.1822909548562
1634.179762209638
1782.793334180929
1255.7175276370403
1227.0417707412785
1873.1527038544507
1591.1354550630383
1911.7036124522149
1155.1078281778896
1520.8065090337798
928.3979699038638
1627.0084044565572
1270.5481949023974
1565.8155630343974
1705.7974018544103
1899.2827605309276
1264.8515862731906
1599.8486440522802
1735.0312465955976
1716.8990889017655
1251.295592539161
1489.0027325851036
1910.826426964232
1633.4790021363951
1794.1393904735537
1537.4787220597193
1153.468452438297
1042.2203420268534
923.0588446857553
1925.9731958966172
1417.880224405078
1550.2240853098563
932.9154820691807
1983.4365199732183
1166.2000576426908
1561.5021791169695
1931.9524046350043
1548.3353385406251
1855.3387742068194
1820.7231954858282
1139.2844612868082
1659.2007554017405
1176.05393577147
1921.1940456554262
1894.70428675419
2019.2896682052515
1917.4340601261777
1156.99162749531
1531.7556351909104
948.0605609720786
1870.902983687928
1637.1634679762217
1682.3857212460082
1419.154203634357
1002.1550854290003
1280.1597907337114
787.9990597801085
1415.2044015864685
775.9265661620323
922.4512213697539
1469.2568591230722
1421.715286783661
1515.2732989887616
795.1528731201572
1266.4287879298058
1176.580020514318
1172.7040954244087
1228.3107812613066
819.6949310827225
1011.9800960971531
599.8750176379673
1118.9702940437196
1068.8533618043477
1458.5340624188052
779.3245846294387
775.5597371329218
1441.6820414542808
1504.5899457826454
1121.610213839966
1167.1882917114701
1594.8524592451793
1160.6874485712196
963.6849159783471
592.1769412651233
660.0547903611389
679.3008477534594
1809.1094195198134
1305.3944631090155
773.1124566315633
761.7709483186987
654.5367017181705
961.4157522186833
1023.7189246201467
710.8199929748309
779.2117586870756
1242.1954804812406
1331.1850705857953
886.3163550982482
1072.117408283811
1317.5622220794478
647.9526584820179
782.4233953101892
1092.2253705465118
1593.219869098957
1026.2378111764504
675.1888831941296
1083.2416386741618
597.6432601088908
733.2970072506657
1327.0347698651356
1375.9181511995785
580.1190277079206
711.5144295792996
755.6203704635087
1137.5046789662692
1768.6893967404314
1352.846528071707
622.6635790550558
1618.1824613357885
1403.3659595796425
739.9457812158156
755.7072582332113
1136.8188667620434
991.9542566273892
1113.0374797530933
1377.1694471187702
1332.9144891510293
1269.361329319125
1042.81110471974
1424.7008970269728
616.5896159093586
774.0486947729771
1199.4287175076586
778.0429811366411
979.3522540851511
1282.4413128332228
537.918332530853
1203.6265491069767
739.5622710433914
1795.1410232925411
547.6451712865979
878.8589187663457
1350.3774138759115
675.226598771885
969.3731202277853
634.403063281019
1411.2012510871346
1800.1946449079858
1066.4236656464957
1391.5578594350661
799.6341648157403
1132.5448279939492
1683.0751311998572
958.2645901351101
661.7820499493334
878.493877922128
1131.7957671133686
860.7980709997237
556.9442676128051
941.8848410075469
934.7995325783588
435.8380877688978
1185.6561719316235
671.9942665145867
1111.3086755527086
759.8806656762403
1013.9622479290011
793.465020453266
607.5067757805684
1266.8682374875077
585.9984585827506
1399.6192880232845
541.5058480587186
1049.3138373685078
538.8753186661404
812.2518720239428
796.060612379065
717.8449429414721
797.6926717214078
1255.4730393947373
812.5647182548289
550.2694686112831
1436.5361821745023
517.5708476145916
764.2550796985792
1054.7631673872631
998.5322230326349
602.7119774082548
1530.4650256353932
777.7542761730897
862.4702959307364
755.1588158395497
981.3347791538306
1045.9374022890847
919.1618372760292
588.718278027306
682.9410272036022
568.5631709029575
1157.123846835454
593.5804207809963
807.0745074717489
1227.5027077339325
700.6254777665014
301.99021897610896
300.44702550790515
309.90134020609105
711.3703092479467
1166.9143689197876
598.4444238490398
870.8431413948834
755.4756590107114
470.6845631558325
913.4351032092162
826.4943786275331
782.8366573805115
765.7195570409592
701.8429966557886
1197.0011192750576
544.7858381499966
863.6947713204579
1112.4105696986478
1170.0503211912257
321.4100900909776
744.2800711312017
822.8717392065706
1141.4674607093853
1083.1835766191448
741.8348997215012
773.3803612374566
991.6481803426138
1143.383347732184
835.3274130731363
386.6147738158915
587.4636528924412
691.8432121196861
304.01907207954616
311.00330745394945
759.9097758875849
675.90115060705
1199.3842599708898
818.0634733617495
761.286498307609
1170.663851818598
584.1847038050234
570.9648858412141
393.2082700422023
766.3599230231187
330.1579648886309
325.1370539266992
989.2389684219788
780.2919409085351
771.8434598642469
757.8495351997998
924.5385408976975
808.9291501667227
662.4480103587191
306.47497100291065
956.6586894926305
290.1707326798431
776.0585460408754
565.8986365148185
813.1484502244426
598.1694538432675
787.1230116996617
761.7975188388276
583.6819052243309
468.79382677854346
315.77435956911233
766.1839201842605
747.7192813056414
1191.3009953945214
805.7209984184154
469.45524161615003
1016.1240479302086
765.2677839780496
1187.6124465871344
456.299641462967
671.3347763208134
526.1094686442152
627.2243370542461
841.1313131491844
831.8222204894978
386.07463773824725
598.5754986870902
954.1558394005167
830.7204331370299
674.839455746799
300.20679080619516
915.267634653375
1088.4225120939197
305.03855996410596
1170.1767922669546
586.3506454139413
985.8152648286805
924.6620055290933
756.2773144249638
301.9354444258767
520.891304413307
408.9137438681728
1177.5345438949098
1173.633722741147
386.2967972530099
771.9487112082637
1466.1552154556532
1156.5864137834387
1255.6849379052599
1410.3104431066422
1140.9585905621605
512.5525868262195
658.4284330163438
715.0677741884953
1130.6958287560772
1341.6319482204435
806.4487608343287
1407.2744555723696
909.8465455890223
629.7358199329167
1368.603227349259
690.4061321003041
699.9181918311035
595.6200598026319
902.9129308804802
1356.6184687832729
610.9424649710974
595.3284157438392
785.988956303584
1491.5338665249094
1276.833746024311
741.5706752806075
1449.366576042037
710.8033630388218
1319.7098517047123
604.3729151999939
645.7107063100668
1096.340207954601
593.5618597298126
603.4987609299747
805.4027476234879
1449.607905704514
1348.4678029556003
956.7437880969538
1106.2313771879592
1315.5211406612
1512.1858764182298
880.0145104032589
1104.4119640067547
1535.8977394119702
784.0454464855142
1444.3607962877145
1431.626452201676
1315.1978255123217
777.9997177780293
1190.8502230190365
1469.4596428088134
701.0943997653889
1523.7223553412912
1382.997943778386
583.0411835489116
1341.8251705661532
747.7535559594724
583.4156017441724
754.1517744490807
1450.3738810926814
829.6355098015567
1105.814389209608
1106.9054451107588
1497.356063226005
1321.9768024654795
780.2434110656257
1096.1930167634948
1218.442569226422
1416.7662339280434
689.4056792245781
1509.9897981788854
516.2400004644915
1339.2357524164277
544.9095333811464
892.7397927645693
1221.9454098034557
1344.4780789691702
702.9415147824583
1448.5504733990997
1049.3904694487733
778.4348878263974
638.2641903851833
775.5631348995445
1468.0430414635248
875.8085802683402
624.4180931281903
1491.573821441028
1402.151514259182
820.7740423050778
1481.6961769472443
535.3046450463542
976.151665977856
643.4819961977893
949.5377762459774
976.7441022230221
1125.6876137654374
611.4276637716692
1293.8789656076153
1427.7326041055578
740.3294712897846
1806.3429773533135
1914.5348468141012
1989.4883048968657
1865.562058048035
1711.6626786051575
1953.796733045025
1900.8088575932102
1959.7157966286618
2061.8776934282487
1944.0647483052596
1999.3777721485844
1985.3814047637475
1734.5907619013212
1952.0173883702525
1860.4549199695393
1943.9977623679342
1849.1785721527447
1942.9262162525526
1902.8239446975235
1911.1129659815733
1849.9142058380032
1743.6468833667495
1873.560872506368
1889.7000272459184
1975.9021182151025
1944.3834903765794
1856.191891707458
2086.7800730217696
1752.497583580815
2036.266132812253
1844.2911273618136
1825.9260152680351
1961.6326273187485
1954.4150859506997
2068.9909624372526
1811.8674387717654
1805.6145816691255
1955.0828108709773
1905.7216068944385
1763.4414992622135
1844.0396082852437
1990.5659270099588
1955.6663086172553
1749.6104643508493
1819.9994034710833
1902.2463952544683
1842.6607423726819
1805.9875903888155
2141.3027131817753
2093.1966776650247
1787.3242644260906
1961.134860558618
1907.964453439423
1883.9979593451533
1975.9306084106597
1852.7592378223808
1957.739378232776
2101.69365645321
1917.3664648606125
2010.018339431414
1855.780250757966
1830.6152686005646
1717.6507797663055
1916.90588079401
1924.2298313364029
1878.9905864187751
1955.6696971586312
1782.7299068629313
1963.5383263210967
1790.1283660570716
2127.130614940516
1877.9518110617425
1787.2982099162255
1947.6266887459872
1833.9712526988103
2073.4565237813435
1847.2472910592235
2046.8347223078686
1924.6784415062725
1837.3082954358154
1895.4638139349277
1715.4870031495166
1919.4026067392606
1885.4291802450887
1923.945880008713
1823.2230749744147
1937.2434493945502
1811.4625959667874
1859.823206870547
2049.420426812934
1785.7828989470142
1963.5782781023518
2061.0009727252323
1840.3011504087576
1963.6839075176217
1861.2119641216286
1948.7802151804422
2068.0007038600297
1782.398100424248
1888.216749951722
1287.7100599425562
1160.6195954560421
1036.5144214845434
1882.8372583143248
1440.7484839025076
764.5732440845813
1259.3574666581403
1315.9839299743542
718.347974695961
1233.2292469575264
2148.474370011003
1537.7092573969278
1781.810023206028
1726.5904278007547
1526.7472938480437
1968.1498211574324
1686.7017621172024
1807.0824401766008
1802.9673544946431
1402.4305378905544
1403.7882422041848
2146.9476945657334
1756.645208631784
1805.1475743736535
1468.0364337921808
1414.529426853533
1544.9727823339017
839.4672300144042
1917.4178747182405
1443.9777040692568
1697.5005450631322
1550.435747141082
1851.2761596976443
1133.0399036412095
1528.802545782623
1978.4158980178443
638.1851846806788
1826.152118853508
1650.7994704407427
475.0160951606326
1900.5594475809748
1961.8049073886375
1189.6831450190236
735.7638081802268
1292.3581868766782
1704.0703808809383
1885.9451876307778
726.0612521161895
1607.1062078503612
1435.2916729512503
1527.7193343971273
1440.3778994215236
1231.1149345582537
2127.803853355935
1596.190169736858
970.1243718760967
1476.7609815289534
1942.9887109400706
1253.0611039135872
1879.706737356647
1325.6999382382007
1155.5281733040567
886.641046537352
188.37646853454888
1332.0809128157862
1246.410868447497
1192.9952846055053
1956.3053894499458
1291.88752973574
894.9015391272264
1487.1017496719985
1376.7709466401695
1432.9629373973257
538.0877747475637
1487.4033311710127
1614.5102256576995
1470.4991938152336
1597.3457794239282
658.482555641252
1592.1630847350432
1172.791300019611
1098.7819926776667
1473.80451389838
1824.1606176423343
645.4635957645693
1580.5184672039377
1462.3766584237685
1647.8576114450452
905.6144027331688
1779.4731912257196
2100.7864787352223
714.5175423606158
1414.4582172657563
1331.816638871684
1509.9077264981975
1656.799616274024
1795.6726418480687
1277.1112108576976
1005.797592693843
1222.2979406218496
1441.2956404480522
1776.3471704895505
1577.4604969343875
1744.1727012505828
1864.1356965516243
1839.8616489840242
1804.702560818792
1801.498746785177
1283.9229891911743
1741.314979574591
1351.8248131530481
1168.4841192144252
1133.1261429801511
1474.60699106255
1331.2995550231867
1350.4280602028537
1527.7591508960804
1414.5381142254294
1401.0219264098132
1651.573940303884
1057.5012964266703
1641.8983323075386
1796.6873268612003
1117.3957857367507
1228.3789940572765
2105.6977852811215
1135.6717774136625
1676.1685832832738
1567.571793411114
1827.8624907877959
528.9954795648191
1391.1889879897717
1346.23976224534
1129.0078650191092
619.888664171967
1441.142129866521
1027.9982110454102
1162.0234620162223
1753.3861392086258
1247.183202476357
731.0395615511983
1336.4696407794165
769.7903533169044
1763.018205683954
1007.4988285896492
1892.9777190940802
1908.3953890747696
1077.0651973927606
895.875929017217
1726.9811279725275
1580.4717738047066
1599.0254996714684
1945.5326262080978
2130.0051216065176
1489.9834456941408
718.581165453703
1567.1378391816913
697.0794482112608
1284.9268974885597
1925.8378349686973
1875.1795971274262
579.8760141095878
671.8003551235989
1350.8967155520043
1640.4597458664239
1060.2012660452979
795.1227350527805
1652.3870565236293
1446.9227218017822
2036.4224832317411
1774.556125991159
1861.2655031739175
937.3543593745945
1707.9748372786194
1242.4285360276401
1428.1898220493954
1657.010733500473
1939.9479582376207
1657.4105651579516
1615.3234515513666
933.1200103284737
1801.3759660065728
1889.1511824395973
1589.4395705066877
1619.1357091795937
1426.0337794732948
623.3344595915972
1031.9770162338025
783.0491293461818
1514.285618029003
1920.4732171618773
1941.5507071137558
1285.5863141394157
1464.2234794740277
1120.1595523187107
1500.6514227760968
1673.0099319137248
1780.5514841196032
1289.4588697035751
1638.1916637709687
1512.8920309383122
1386.1428733555601
1916.624754181317
1519.739562362954
1016.6206478076715
1633.1609889980755
1372.5395300096968
1516.1451822067277
1620.2776558235373
1920.3374051243597
1487.977749713492
1657.8987239193716
1695.3398397833425
1483.5170427857724
1642.8025315879988
2143.349688911826
1772.9516167984243
2070.5823153378296
1530.3515560637036
1003.1233353259894
1123.8815107557996
2133.1331410064004
1959.089612787251
1907.7315412617115
1305.225679393828
1676.9818469936713
820.7511414146135
530.2806425772882
1421.0966431059892
1551.5245911604825
1214.1851247452166
1019.7126704596614
1258.5660236148808
1897.9474137040806
1948.4292712820247
1609.8129226651972
1656.9841298856172
1966.8910332187604
2007.2343502077615
1791.2341193246466
1559.9130300261647
1606.3044719872485
1819.8891207146462
1477.3995252084787
1992.8014991565715
1478.4150293394102
1302.918266072456
1823.8602478494568
1797.33828380112
1866.6760504057704
722.3330991867477
675.5044041290097
1909.667949782104
1610.2083402304897
1699.753702772421
2023.9897914559822
1560.1936968898742
1889.6421847118556
1609.513851948717
1986.9834440883924
1206.5532758139339
1796.2121830005274
785.3060866776833
1619.8615903185569
1671.4911691143027
1668.1671015656555
1279.6054756099206
1513.6913996320088
893.1547331093349
1936.7159363311969
1616.5273101959476
715.2153881315057
1547.8905796926872
1791.0375407012477
733.7989176066986
1257.3798688433067
1653.7976825774508
1827.5503329975672
1759.419472588745
1395.1503283177376
1052.333381149109
1015.6587191452828
981.134877333647
1446.1503378186524
1408.1074188098064
797.844182129923
1766.091972169693
1094.807752308415
1141.3881445506165
1743.0900966667298
1509.5445141831217
1055.235031320568
1823.9047292394002
1248.4982416581302
1126.5305930331053
1516.4859408742088
585.0773414744419
1330.3934313538132
1204.71706439011
1673.2691702974523
775.7311885456763
1351.9691591807084
872.9047561107338
1888.4635105702664
1384.3743754538705
1562.4296414782436
1735.9358934212855
1679.8930336964977
864.7307694665611
1822.3241609342897
1722.2256424847358
1155.0562570876068
1137.420132293005
1645.722013839453
1597.434599824165
1191.8762358812426
1673.509576081994
1724.2425302109552
1650.4966305821063
1586.5218092444902
1441.4014943585846
1734.0004850092132
651.792630704401
1447.416484311411
1319.1928875660456
1618.381581668911
1178.8444689666576
1604.1346261932472
1776.7674564369786
1054.3633875646428
1506.0297718054155
1212.9902292388365
1706.839292454267
1618.2971188370152
1337.9139536724936
653.082176072983
1256.6803472116778
1872.220190977258
1626.4230500306583
815.0928916885894
1804.7449383580617
1406.5269966990222
1200.9309751042763
1790.1246014323006
1509.8456347256242
1425.6029407502022
554.5527333093014
1123.9974849198234
1853.762210312853
1600.158327067403
964.8228291197258
1065.5013264928252
1799.4734891200742
1191.7983977429344
1366.9508164922302
1724.2953693889726
1605.6138054445307
1483.753668439085
856.7480395196217
1778.1787005047731
1572.2489831922278
1741.1230071995785
1732.3324383710722
1442.9826565386556
1502.244403172634
1611.5093430473853
1804.4447635964293
786.5664483703241
1693.9116727949834
1711.7610065408605
1494.749630481058
1418.7076581338952
1787.3710461856008
730.397228166667
1653.2674425029957
1437.1339983301152
1859.8454972561888
1970.8678694598686
1597.93790823997
1501.3902574334113
1455.276521129938
1829.0379745675527
1671.346549833881
992.0961021219158
1050.6037596515007
1218.5314022519115
1194.6256468530635
1452.3537591880815
1773.5519900937388
2038.0629747191263
1502.031623268454
1210.65958261039
1208.1132329027898
1152.390952017621
1507.8782895785246
1216.3388044890946
1932.1794509938943
1693.7416323109396
1781.033941777833
1234.844477764014
1618.9627355167065
1536.0523747928182
286.6823392748593
2060.379873498087
1377.0142266401695
1607.8118279753594
1625.0713616256671
1843.8113410903588
1883.6816464869166
860.7838557518169
612.6029579708787
1130.467981154789
706.3638040389856
1738.1229035905758
1751.1663385835063
1891.9140510589382
487.645415169259
1307.1185629838928
1695.8951273818532
1557.916014842798
1614.717263776115
1483.9973270430362
1258.4011406545635
1789.9165409433344
1163.4530185907424
1616.7186140341084
1690.9203344113112
1518.5725911381123
1961.3515982564104
1679.0379733091631
639.8885025242299
1606.001696139037
611.937928998988
1644.8213191840516
1773.9611222459416
1744.755376519119
815.166384349401
1499.6633492652356
1339.1467758811757
936.1395894354803
1641.5305001388604
836.1881176420244
1659.5993349176395
1675.9770451724387
1633.7850023642754
1940.6735710247194
1773.93876593537
1516.531292991063
1196.847599522017
1153.065742937194
1709.11361604461
1276.9190689347324
1572.0954693418487
1404.1164320407834
752.6236973723492
1157.8963369159897
1385.4535573004778
1041.6667640166906
1805.3073423948806
1309.858039773299
1973.5643710978595
492.1122717908689
1758.4368864270018
1490.9141944173596
1862.3056257832268
1633.4743517328113
383.32899360939916
734.8528357178538
1798.7426517670663
627.4545959920856
997.473054056037
1539.5578295530318
1486.2483297493059
1719.377615229186
1340.9978807811374
1800.8143598432998
1317.990163399823
1726.2737250828782
774.849023138168
1505.60126083942
1397.4212223696732
1108.3219966650572
1518.760683709541
1576.102071024396
1610.1414349897607
457.09234059640346
1133.966428646818
798.2052464024597
1401.7234648319538
1532.2119757046737
1104.8623808682044
1116.583026250648
944.7870657530057
1163.66650372361
1165.4517777650683
1584.8567924533347
1919.8868500905212
1941.005019923465
1956.8377911848268
1266.7999660354524
1923.4034990615605
1814.154628218781
970.9658866013528
1206.4908178091725
723.500306806886
1046.2151085128776
1514.9258826042746
1188.8522258021972
1763.431638038834
1790.0587034407886
1515.1820190725289
733.0878088703242
1523.7999273764563
1227.6257164375597
1606.1675149374714
1706.121041165655
1911.5792430905901
1178.508016024294
1666.7173005553889
816.0751470297761
1593.4841513573524
1233.4682345726467
1125.744398565047
1697.1748891052835
1363.2088464098415
1620.121206830359
1854.5334422217866
921.3755821327843
1294.0123994167775
1591.8510804883867
664.5577705260998
1611.7644340846393
1343.092163984237
904.3707568985659
1852.019794252106
1481.2652923995233
2139.051312153804
1162.7080084390589
572.1977365424511
1120.6156552641917
1492.0314030757174
1863.8845846892718
1759.6089200061897
1714.7812602293257
1393.1744662011215
1392.4383151192144
1659.957292557497
1672.2235417733364
1401.1359898179319
1474.7178561867022
1899.7618704046101
1377.0142266401695
1600.1601705873877
1432.4184538356087
1682.635182880363
1826.8296257682334
1853.6210431077382
1861.9475925742674
1257.605794117494
1034.501082902523
1012.3094886501557
1396.0051806060055
1555.5218591016944
932.1175851593047
1873.314388209346
1580.9705412764756
814.5411847854025
1520.6092146089027
1890.1647047016306
1496.7256355520863
1148.8859516546786
1087.1940295544098
1493.9477559276827
1228.598536338126
744.0137869409202
1355.5134662392904
751.6925126229086
1397.5571488977957
1224.45214663259
1255.0270746211017
1637.5875070034908
930.6202415086246
1368.3628281507424
1225.4976129324907
1045.670879238884
1497.6151146479067
1596.6933542620725
773.1008206638919
1703.3596145529527
1213.563853197581
560.7945861299814
1345.195477824067
914.1695061898498
1426.951960076913
1121.6354873688533
1631.723759301505
1248.5110818237147
1459.0641732113713
1202.542379573261
1721.896073331366
1146.6304341735226
1617.6395646290227
1160.0658442040717
1619.7462769830954
1918.949211026831
2064.52078328556
1647.3531608918868
1221.773929873943
624.2982021722945
1733.6293020242808
1469.0701479360105
1502.6888817026481
1410.8999287083464
1603.5492075158918
1928.1254945829448
1537.8487926183266
1474.777963726051
1511.5129127552711
1074.228755859308
2001.7223582498746
1723.1275415974578
1868.9021533300581
1191.2542417281888
1406.1360638304482
1607.1890618538243
1617.5013289673666
1462.6041319656745
693.295780489122
1796.9103711462976
1377.9039385554322
1735.372799405871
1357.9056228457644
822.3213328992947
1671.7844800799112
1807.1824108599192
1347.5676925397931
1927.7716924407393
1538.6620350860899
1600.3932068467489
732.4913251676658
1471.2842625205255
2144.8222806630724
1502.6445651978308
1678.2226625382814
1872.3001758557998
1687.167011919498
1483.3839230541123
1788.4728523502065
1501.3819319134755
1527.2296114842284
1494.7708359024402
1533.0683569019907
1540.185186985597
2065.4573843532585
924.7516637975258
756.9066218021975
1826.06749454466
1473.9188144978627
1282.614978438428
451.5328543532371
1355.7776626075033
826.1947090705404
909.5663289059444
1777.2679393966591
903.4151115316191
1513.956179496771
1727.666654972115
1762.4355710335494
1371.2682718563826
1934.6202968896373
1417.1688720966536
1141.4618568282574
1406.6800352777802
1823.883411739065
1484.600613191642
1652.1339697511662
1611.0920561688552
1350.1954568656686
984.1613236272979
1520.1823928508427
1510.6679831681467
1200.8880865730375
1479.381702998751
1686.0364324149941
1630.0547874389508
1223.6880059654397
1668.1562202624593
1474.9425274606826
1646.9754375954187
1786.4174518572245
1093.983947560274
1954.901254820457
1495.262642570985
1803.8223937440125
1034.8579406476435
2019.3207087022658
1582.040357732963
1949.7247734177731
1234.2582771626155
1104.8505567046025
1908.9334275943088
1742.4571821896711
1492.1737369428524
972.3617564118048
1316.227566435565
1815.1817162463178
1472.8200264644265
1611.765429098875
1394.517928091298
506.35265881910374
1634.4565807904567
1055.2559335947774
1253.1109463286173
1236.8829661486907
2173.7723166810088
1283.2890314275166
1380.0521707546363
1662.0293464138813
953.9718061822844
686.9733690673119
1369.8379838419908
1474.213901311732
1380.5381693665784
1561.4037804070763
987.6849216056268
1039.5018574319292
1482.9602325714093
1507.1525807458668
1514.3106723384585
1380.5708421159063
1923.292984741618
1442.7158657603516
1206.63723048235
970.4435500321072
1510.8462688738762
1732.982120113635
1605.2474939535239
1409.1003128075326
1498.6024386588415
729.8062971882837
1509.0136681844556
928.6396606608952
691.4923947142626
1272.383153653655
1543.3004936829109
1615.7182791139505
1852.167189346912
1290.871944596787
1694.9489718712045
881.84032039122
1607.0587952837732
1788.966465434178
1110.8385279265906
1893.8283540747443
1250.0873609313849
1814.059867939031
714.0282807235266
569.1780332974765
1512.4732769152506
1141.863561067489
1809.8424994662855
1307.376188130842
1862.2889155640034
1612.437331032442
1469.037804113668
1649.3513639104776
1160.189566619379
886.6858010759789
1804.0590463147983
1726.5444672227225
590.1038725409863
1162.657725817014
798.66095195796
1119.2639723723223
867.1569754932541
1463.8010639221786
1560.2587084719164
1516.1488791685254
1858.22369116303
631.2295623933162
766.1182647718927
588.7500738342768
1404.5035113687707
1102.7248263504564
1584.3306819068
967.7553277156062
2146.553544558512
1610.0025680908082
300.0498981335022
1533.637462328173
1231.241678327284
633.8004378317677
1202.6327762552833
1497.466707194666
883.9936001031414
1843.520163765235
1767.9678197887122
1642.5178801424438
875.7002017474309
509.7542152784504
1414.8543663791772
958.6080592384781
1490.4254741505647
1523.9378849349198
1157.6113158213434
1645.6674301488645
410.6683240844506
592.837946585858
1689.3295681565812
1680.213187600844
734.9356778955765
995.5476935138
1156.0621772271472
1488.3521604701405
1425.7397043774545
1370.2804062413043
1779.775443439617
471.53969568548825
1275.7269256593197
837.9758562334551
1508.1391285809857
1655.1807092829865
1792.4999747452807
1664.388326914246
1513.3998026304432
1910.7042210080747
1436.9085024844528
1904.80888566804
1209.8272174494764
1609.6271784927137
763.134125478925
1502.2465139597361
1362.4035569685045
811.8804255912402
1558.5195739416952
1659.843283444097
1565.414980564337
1711.1291027275931
1494.9694042424019
1645.8588739617264
1483.0633284661603
1140.964554968212
1373.1050653303653
1173.4340286713987
868.7054137670938
1739.6601317833586
1622.9110623603583
1505.1048073743318
1395.7526145847487
2020.415215340182
1835.9801363352053
1809.5245916139131
462.58540193385545
1202.200221535817
1186.4908147741426
1991.7215272615367
1516.8638601657601
1103.2623237708976
1503.784577528916
934.7345281225284
1912.4710804937251
1699.6595083587802
2113.051241685551
1643.5006393522863
1453.1095502064875
933.3629724453601
1980.215914904065
1665.4914847068205
545.494195553252
1314.7203487370966
906.7426217436459
1345.4890449642876
1594.2210603024635
1485.622193796203
1497.3503022055738
1679.6470705848976
1419.1895457378448
1796.226751835329
1319.5903351182867
1146.6148030299712
1481.3211369506605
1625.4932160028616
799.5352380954889
1534.7514811431906
1514.0970824967708
1017.3113107056674
596.0738484350092
898.1928875735609
1369.9785392166436
1178.2457647022698
1601.671449726029
1140.0255143721558
1788.4761436129695
1674.6403305114534
696.1034712348805
1561.3637436252498
1463.5990407122215
1419.3168590275843
1235.8019670205622
1313.2384082056724
1753.3802116909546
1519.2518058533242
1906.0209590858856
2127.772977514714
1880.950114273978
1498.7014930634653
1353.0374458104125
976.3890603288602
1506.1446304042606
1389.676174865968
1665.824088413858
1738.0072027977885
566.7696501056162
1789.3728842912146
1909.318716355978
1875.1495177751908
1683.5229138526197
1304.2809620820842
1370.2035795668219
1197.4261212035449
1241.6382967811915
1737.9445327190851
709.8998223985704
324.83231686450785
1000.804663088427
581.269204885864
1290.9859742532665
1087.8675585684323
900.7470017209963
726.2081150334112
767.0484682478357
1599.5597496011508
1417.7598201894778
610.9126951712933
1269.567908714286
1830.9891502811074
914.6272513955496
1748.6749303385507
1788.6474666768247
1460.9849129553688
1650.0785257759744
472.9231025550159
1476.434031302963
1436.9770809502106
955.8703382940955
1212.4902645056056
1354.3282730598855
1182.9242175792522
1952.4825320243656
1351.9969567404753
1506.413876733712
749.1721147152165
2090.9756523664564
1240.7511623742369
1934.7441069271292
1130.2090946396029
1412.4099980357976
1273.1897488725929
1612.2669693538403
756.1292833045565
1280.9815699751362
497.7512576532811
1357.82015709069
1712.0688757443834
1863.2005077523875
541.842730295566
1749.7663564965599
628.0570976653569
1013.0399253751351
1010.0011034816116
1194.6086365854899
1699.3926047820519
1402.7539714053778
1512.8991647088628
1574.6947288517288
892.9054429049515
628.9286079292576
1136.7909395252673
1892.7535764198162
1765.1731861954424
1133.6664874888577
2036.060785949727
1891.5138583288085
1660.5321776091619
953.7419942192092
1541.230486421014
1501.8813515167794
759.1114090082946
1505.7083370507253
1166.1824029695308
1546.2683438376348
1345.0343666176668
1475.5030881691746
1630.6939494148253
1513.5264979641204
1410.5852261637185
1643.537585927721
1671.9953818259423
1620.3876866991563
1471.5088981604733
1214.9318935898552
1525.148030906303
1780.1681686927552
1134.1054100180547
1679.3380917420216
1219.293166779109
905.6393893906092
1646.5575813401597
1529.0763454860974
1924.2493433950908
925.9119252425335
1165.7301263154031
1274.1787913366634
1126.4619161905318
1792.6665870017198
1195.962192969141
1955.7556012890084
565.3961814217448
1334.9345935416172
1513.3910386713853
1359.2292637986413
1453.1820456980997
1757.7783110214539
1911.2991834727027
1524.9487018043196
1229.524614281385
1266.296574948662
1714.7682936293304
2074.2416092561557
513.4438748436494
1952.977554523182
755.2789532564383
1050.1420193376432
1738.5743466537629
1094.4736419810467
1483.2250240718963
562.7193985697631
1848.124047770895
1518.2545806713738
1947.8393758815916
1918.7137568820754
1355.9899413005878
1646.7985149801455
1507.7072660080398
1924.0691103917882
1670.1440215118494
1487.6392957448372
910.2746476468949
831.6726736036464
1592.0807459889481
788.9368519588193
1703.5934966089328
1418.7015827720622
1356.1607235091699
2163.5960133143744
1603.947830829895
1638.6011032515962
1631.740333694735
1134.0338468158793
1747.4770539403376
1732.394473183261
1923.8255049756897
579.350701007159
1110.5713769694307
1063.7306755804752
1471.3479396397227
1771.1880936588252
1663.9844533367466
1521.556638092599
1790.9136025503506
1648.1036583859507
1479.8302592635905
1588.2797822139523
1751.7780311067359
1513.9397367189931
1931.6598731323338
949.8365689169614
1353.0129413794834
1010.8364940690828
1661.1715970580544
1681.7955124287032
1734.1279642641875
670.4676813356544
1339.6168457114552
842.1437125230601
1214.9590903524813
1230.2238864701415
1144.86051428083
540.0596497073478
1435.6635445605648
1403.052327995172
1659.584261218407
1158.9413895350374
703.8820524788821
1139.9473820615476
1611.388024042254
565.2318816948049
681.1308292868796
1654.4471156669385
1746.6054675093524
1271.3622072586304
1688.600523477967
1664.147610413573
1754.2442454524917
1581.9481229328164
1607.001810647927
1563.9004836383058
1349.2159599486502
1794.7351159047064
1596.776206880158
1202.2943451138585
764.2022755994554
1148.9549290967664
1123.841839017761
1467.5048343689984
554.9034494744144
1535.4800419242322
1795.0916541460463
1726.7065893294355
1382.4629480130975
1447.167697068034
934.0334149417693
1739.126818305556
2123.4375571985415
1283.0375787807204
1189.565037840033
1814.3736001850998
1223.7011330631597
1338.3123215744527
1440.3755997948579
1627.6607025582962
957.6807876385694
1145.6738983934122
1852.8233182342185
1756.051544801512
1909.9996990367977
1394.1849125072945
1627.3758980391424
1783.961393491201
1607.3198936998492
1946.025842166917
1711.5315188643024
1542.0341980135695
1721.0068294593805
1333.4609888053453
1856.2296031037856
1372.1058762813602
1559.4417317381076
1370.0013282434734
1490.1230657650976
1534.3997463110613
1489.5005402775014
909.8851873746531
664.3368238782882
1690.1226407526294
1612.5347792210034
1215.6880206666672
1107.8767980542962
1104.1438967882802
1540.486101164584
1109.0286311052118
575.20224245404
741.0609889824061
1629.4462554390038
1718.902300314701
1508.5695986501
1495.1654202252462
1946.933443149264
1876.592737672002
1987.9028803746346
1225.2602795364965
1571.226042660716
1069.0241666242662
1245.8611716525154
964.7102343426666
1756.730033390427
599.3637156662168
1547.956659092852
1140.3346211509054
1648.3205081957663
1849.0368756504142
1349.221689005716
1634.2618506789893
1038.2341255629647
1510.1642504273245
1739.0411057290773
554.84069908219
1420.7535598901923
1205.1257278277644
1478.055580977749
1428.0418060420247
1559.977044601817
750.8531740580254
1430.3771492226658
1538.6767029826506
215.09432073823413
752.93695421509
1946.101071551254
1620.417459307567
755.7017296215207
1155.4393176685662
1824.972303949162
729.5974184270904
761.9848087248495
1912.8072003119366
1718.398253464118
1675.596453153379
1893.079587568661
1907.2003697861144
1263.7599882773889
1524.7785727664777
1216.791770364521
1786.5417170987344
1649.7212494743603
1607.5268319186882
1579.7578298530786
2007.4247132964629
627.6080689979627
1729.832124233628
1220.488962931994
1524.1149935351539
1514.078684875284
862.3934421767432
1255.6945687853645
1529.5284525361583
1496.8911973379672
784.0985779908976
1461.9899258750465
1874.6037172083572
1530.031473652364
922.850447314158
1516.9661162559241
1369.8897016288433
1615.1394272047971
1864.6235211883752
1930.6322656522502
650.2862630074369
239.01879878807293
849.8333783056668
1631.2878121703297
1742.0018850422077
1850.1108172066633
1604.6024706402218
1525.8297065063293
1819.3126599412028
1720.1546361140263
1778.7281017353755
586.5611282716126
1774.6855603749977
1850.970441708376
1531.8564918936333
1758.694896560385
1934.110828702312
1316.1984430947384
1916.286599422717
1399.6501172705498
1219.9450766271516
1464.8585550989296
961.2738269686706
1609.524721895052
1533.4261967105017
1749.049746259442
1233.3583410508393
1525.3548016244079
302.4018743924541
1923.9177516053808
1466.0462308786534
1373.9370616663095
534.3939258834614
788.4458715137209
1765.6077272733949
1583.459799836959
1730.298545120433
1053.3494777070593
1763.4600506970814
1428.485686202909
826.7857290238344
1826.8047788097429
1291.5771026903442
894.9901693047742
698.0511395887722
1234.209635850373
1966.5086086243866
1958.72206542986
1388.3986236069647
683.57901392008
1132.7913448488378
1141.3731129853093
801.3819177550776
1695.5028382712296
1221.0511933248613
1345.2918860653726
1322.9452462601582
1515.722162694433
1441.7538455764516
1815.0709980392776
866.1493352779415
1261.7991080253648
1881.5642801390043
1672.8807030897597
437.9622010788525
1927.4425589201483
1480.8836937681488
2101.864897360763
1789.0334674731093
878.1520208731553
1128.6117876040369
570.6598765080195
1685.83780453645
1661.2546592770682
785.8443468704627
1142.7160944503903
1696.1908541652517
629.8372169325676
1121.9389677753356
784.3696272179614
1614.8282023281479
1528.0755717519605
2090.162170669954
934.4160868562827
1188.9949982776668
1116.2178319275004
1580.372908224709
1932.5903182914308
631.7466007509378
1914.268716116148
1351.1316399758155
1495.9146884688917
542.509501107499
1546.5050553730448
1516.1451822067277
1888.0359025986381
1746.890062974054
736.6487935520037
1644.675279205809
1161.1982068276366
1788.2627844731392
1450.0985873078314
1563.107243067029
1686.9723297733365
678.272828515096
1152.4074554890835
1114.5869307287992
928.636684555611
1472.650998654445
1490.4300116454592
1720.8791807232612
1478.5234525732615
1417.999881618188
1460.154849965133
1175.3615242787043
1376.9486102443382
1547.0803581451867
1940.3093299617042
970.779923357781
1822.6298718324724
1599.7015536936492
1674.9038321534072
1485.552696696459
1135.2301746925714
1452.2834342818567
1919.3019299044984
1699.460907253942
836.8392128709344
1535.0568973039888
1527.6478544306963
2058.600536866213
1648.546649461144
1607.2125882635837
1727.478768669968
1406.4373342809442
1513.0392499489394
1636.2813815503102
1800.575218776308
1139.7863554827245
1522.8914165598505
803.8274959069262
1729.9132608842833
1788.7420615438166
485.2553781543018
1616.0670252401217
1891.6338382519962
1824.813549799118
1317.3986606118335
1281.5470403144084
753.8371179912864
1179.3347093871128
1806.9620221395267
1184.3497816341994
1742.0472084748365
1174.44058882519
713.8556925045102
1390.0783116053267
1618.8675081906408
1272.5422256857594
1749.0036538998775
1205.8853443744504
397.0081404126515
914.3156449569029
1755.650999231774
2004.2755213944677
1595.87289543229
1649.5688820475082
1994.479484500635
1290.4037536116662
1558.183755483666
1673.233048002664
1646.5838068133182
1278.9951698547006
1516.3493539813219
1429.358618632329
1661.2825660342849
1162.3151542476692
1561.0284450111865
1558.5970582047296
1149.9931003895279
887.6118432923029
661.9565067511098
1828.2519955459034
1238.5208119771346
1508.730949676175
818.9571219881232
1128.9119419354813
1470.5519211420012
1626.9522734188804
1130.7774495718472
1323.4134360037476
1768.1708647250255
774.2845395450806
1879.1399615821406
1007.2411624669846
780.1220470853592
1678.7204193598827
1078.2117906758594
1642.5712578703226
1918.058935397798
1079.8566809731574
1809.8689437621547
1805.4404331052735
1904.7949737740175
759.3133207158397
419.48195901456234
935.0695331560113
1514.019303759141
1739.3174155714005
574.8138231650569
1858.400881310134
1840.9965976953044
1292.9548219344267
1617.3309453941833
823.3107948697985
702.3060818713508
1694.8595162643041
742.343559348346
194.7726874118937
1309.3211875291656
1847.2312544363963
1690.7480999949612
1617.4733325891
1942.846488561657
1686.7761664764187
1994.549822228743
1661.0084345056753
1382.5360421467449
1263.4648006408152
1687.5769394674205
755.9209325488391
1449.9544551294125
1495.9803753199676
1770.4042150073265
1230.8246488474695
1652.625530594517
1180.4104192922355
1554.9785463201008
1471.002490045869
1406.493025998059
1399.7673771071986
1161.485984452881
1856.763904841471
1024.105047878161
1727.6725318313638
2091.3964069940043
770.3179724859864
1797.0937566942775
207.4185181453825
1954.6982186443604
1288.708761219447
1698.2127500486176
1718.9389955738409
1049.3240324277751
1759.0092465519488
1969.783600446866
1597.2159519797126
1608.7663469562947
588.0806342675655
1535.4378642687038
1694.3321974283053
1555.7804275635742
1308.196769966423
1778.2621129131128
1070.78562738234
1885.1990699360636
1593.2116286888113
1240.289396294419
243.42487223262842
1831.3115229133932
535.5690318159293
304.1281349443627
1240.3583502534527
910.764146923771
1813.4222412151735
1763.1022825809432
1483.0002408054875
1840.1351094843355
1605.6559561441782
1502.5497471961826
1559.7709970424994
1044.0639097667054
841.3020085214216
1667.1140812564015
1212.6191918526479
1517.334374180042
1339.9426784921468
1451.8389838384403
1681.7748473687423
1644.7579249107691
1503.8763171000394
661.6008977242609
1472.0948023187932
1429.9751991147748
1766.7194913227895
794.9969426793755
666.7073173704629
1164.3874566236818
1125.748185177454
1301.0407101442436
1017.3399601571047
1640.734286990651
1574.7131885964675
1753.2514713843232
804.39408998968
1774.5504151945547
814.2626054512435
1948.7769149329558
1892.7835627278967
1501.8785953739223
1238.2981831381949
1486.0974289064218
795.2513976551226
1912.0921236625404
1287.4256130393778
892.328766134921
1619.7372993954045
1033.5825646577443
914.3370284147802
615.1235005640195
1076.5807072056132
530.3250021415759
1880.4353094329658
1908.8690940863003
1644.638845474664
1201.2330731281488
1177.31831147057
579.7391454977246
1523.4832774518266
1676.0416389904171
1150.8809589080486
447.6609901120269
1559.3032870758252
1642.9476868724203
544.205617585426
1393.4769407543024
845.2877913439847
883.0371039238393
1200.017956655483
1993.6140862648185
942.6964141073929
394.80060013186267
1258.2359788239532
1949.402499811323
1481.56732303967
1804.5451304375338
1911.3428642886547
1234.7553887830513
1635.1788492537335
1908.9278426935837
1254.084517495393
918.7789268800219
1104.8988209878567
1685.636998812603
1355.7984288986775
1603.885528395828
966.436130292194
1525.2952056214065
2032.4653237215118
1544.1574292682872
1162.172855829517
1879.6895816408019
1945.1248595721775
1389.0349657026798
1693.6822411099467
1430.0132816552348
938.5947673662173
1842.5333936725501
1340.0782570266947
1219.0089790611048
1535.9530948705194
1767.8330601031753
1480.4454762689315
539.295002619963
1500.4738549531162
798.2321402297172
1070.7776727793448
211.715370418054
1660.001234255502
1872.730021872403
1747.0844470006218
1192.5740126324363
1357.9558226679428
1720.556883258202
1885.2851518140722
1618.2832019553787
1229.705787874904
1452.9696115980032
622.5902588243849
1790.501278054112
1908.6919931698435
1059.149303810566
1771.880515434013
1258.311398283439
1716.9736177000486
1887.2534328771583
1659.1183614642782
640.0360813227753
788.7898996029527
1529.621543053028
1831.0263578179063
1487.5936289771073
1149.281370949578
1509.8509369383848
1400.4573716062273
1126.060427660341
1817.5910391386167
1622.5103353509678
1841.449681969234
1634.4359331921949
1090.819968524954
1882.3461351150195
1480.2049238113939
1653.547993914864
956.1517775341769
1569.480342471263
1135.7894948988237
925.9406029506599
1497.5656360226715
1651.8350635970633
1546.1227940920376
1550.5482770531264
1859.880375341687
1200.1169778876877
793.0701843387153
967.6165451296484
1783.9511355517259
1578.8385895454817
1626.1721365725948
1356.1502592156173
1170.280556248166
1268.676936904595
739.9759571008587
1976.919764629565
1188.369892170275
1926.3159159498584
827.815613489399
1581.833307628703
557.6635630136478
1398.118906292319
1226.6550788058887
1090.0416366121276
380.5057859476081
1696.1547224323454
1715.5330539646625
723.5551030991967
1173.0014311427544
2065.8088809262135
1856.9387374394582
1172.2290028224568
1851.416112190897
1525.6939600889798
1588.62438536841
1620.6064624188045
1488.8585068474413
2096.9582453213034
1004.3322757075802
731.4213336155788
1884.0172458851132
1637.4105645830982
1584.6598410628123
1815.3691849908682
2142.599606776409
1524.3745642250224
1668.9299177755584
1602.8018670107945
1369.8033522103174
1203.4876477202715
1247.7524522821732
1319.6920365306644
1505.0057116449384
1470.584311257178
1945.2340027008236
1550.8426982822598
1554.7976233657037
1640.1955127713704
1654.43154226042
1320.1896011962667
1818.5290692785065
1076.240345161146
1370.7481260296822
1438.1834975002764
1630.5148087335192
1963.0379366735506
576.5009998122675
1026.1619044344643
1361.6724834554902
1954.5089454863719
1794.595982482241
1133.3659986449245
1901.7918806708026
1652.6606662630984
1628.843764807826
1681.5182228140216
930.4010597528027
915.2294456526535
1773.454533557969
304.78314799965256
1875.267654425614
1944.850021653154
1945.7284540680469
1721.664149187621
1440.5408774644256
1510.6991389519271
1499.4076813141303
1817.7661578670777
261.0314932565948
1644.8155489173753
1172.9628506210026
1179.5088950056218
1896.3469032028784
1348.1268780990467
1221.7623119589732
1504.2422751333856
1646.2992593306847
1631.180172079698
1486.3521386521966
1619.3543737786558
1421.4945083383564
1785.5506119949662
795.8706325373236
1349.6684550163511
1158.5234410875512
1167.460332043952
736.1042730669604
662.9521507094198
987.6112580868383
1549.052948676213
600.5418281616604
1483.3924731279565
827.1322134289878
1530.370909698959
1898.8527803103
1914.0241857552162
1559.4666981149264
1917.8511115082417
1499.3631132399269
1340.5755234423357
1645.403235343451
1902.3875433236742
1154.534814759646
521.9820697819355
1173.3690248754704
1746.4341517671016
1613.1049361038063
1864.129957805833
1910.0702358172948
648.8199360339934
472.7488663424907
1770.7328427960392
1112.7888323567117
1756.2542313098409
1025.0026455404325
1831.3721415639648
1168.3358104198687
1641.1154867664757
1186.669474832806
1148.6070670544034
1275.2446729710293
1440.6271827138696
1952.0225631222147
1296.4299640247996
1976.6498344185372
1492.411304883798
1424.6550240531121
1665.9698325225609
1612.226943070018
1910.8717079076469
1680.098326482401
1568.3711513618987
1165.8642169659227
2094.215414582991
1122.849350542763
807.5030951740207
1512.0607193176384
1227.5668692293523
1620.0932309886778
866.3563805672112
1327.1370335580812
1235.6708849485356
1632.6017398226436
1666.0507461927316
1999.8623522435064
1285.6984193443782
1444.822245158036
1545.4609628941755
535.0922101271901
1631.937088551022
1588.91568657387
1901.1058591257713
1878.8687684738027
626.1838086330938
564.4715366154398
1647.2906697531287
1848.8130115859249
1171.8842869707519
1887.424157325845
760.0434321800146
1171.2003520956737
1388.699566691226
767.3968510545284
2099.2944580791013
1429.2987641381737
1139.4804884626096
1720.6254434994719
1922.3812740529193
1469.2425710988182
1073.4719135513299
721.1426576781828
1488.1069639178752
1577.0182109150185
1802.3267026153867
1520.6343980526394
1669.8630941606136
1641.8277864479003
1128.4637492030952
1804.0936592209468
1620.1477485708215
1546.4460382720051
1941.4059022962585
322.0858874670459
1714.8490632465323
1327.6556288084519
1644.3844833530475
594.9347593322228
774.612685544745
1885.6805698494943
1897.9539780803366
1258.0276225494358
783.8118563113829
1532.2945370308846
1873.7944706601158
1694.3799234133096
1311.321688078694
1673.7141752837717
1665.7256089843481
1177.7839610699573
1703.64910146058
1638.72067105111
1492.6316159403093
1130.281441483364
1284.438270104285
786.9305322929697
1734.6800403557831
2033.8010660101372
1575.7679968971881
1891.1821397594763
2132.338572417767
1867.5120895774348
1511.8248348365714
1609.6071028098556
724.0077373805087
826.3289176453827
1506.7417524650652
761.9427437367358
1510.7315125804466
1450.769233287017
1914.6494751178843
1099.6955891491002
1656.980240147522
1671.1690708150875
1597.855650890555
1728.4177512454485
1507.0744435950596
1779.2528154980973
553.7406778740735
969.7719487533935
669.3882274100066
1368.854007696138
800.9609932009643
1866.6899389850807
1621.3630966572614
2071.955351094363
1559.425903010683
1287.736741298777
1124.99006958153
510.88798424975704
924.8656022534134
1621.091029937841
1504.0136890337265
1665.8152013401875
1035.2451216464185
847.6034550461217
1309.9696082463804
1300.0201017241377
1494.4274673380635
914.2802895412311
801.7659237695639
1568.2788447474004
1462.7496587347011
1924.1162373383227
927.1602853493865
1248.9277557607406
432.84084476927495
687.9048713723544
1624.3251285569738
1529.6894112485847
1777.7258380259454
1483.7163359752924
1616.6590061420507
1572.4948877627785
1775.693057833018
1904.427605524369
1194.7817869261849
1913.3175689656468
1532.8012724440948
1594.5490028279485
996.9951141665833
1418.0549200913547
1735.8749800039163
349.90063262530487
1865.2009851894588
1800.9240858271744
1161.355603282884
1496.4407067466989
1100.9282254368522
1741.2180161891433
1160.4726369765215
1467.7552045844989
1500.5798453660327
1553.9552050366408
718.2061519336777
1712.921508181779
1560.5119762746358
1619.284479542702
990.9697810394966
965.8919394979185
1878.1579719984609
724.6096332655956
1736.0665041740663
1915.6715761969715
891.9411826294289
1446.189769155555
1860.7965865664312
1470.1125539128925
780.6835277025225
1785.9950907191956
1175.9847246037982
1239.6198771863692
1330.0593147177267
1834.2711325409925
1007.6893263313187
1339.1845356480737
1959.2835441706818
1556.0710230938869
1184.6480679876227
1645.4288897098754
1590.8039853239898
1345.4168895152748
1046.2974316046732
1462.7835695169213
1154.430558290432
751.5395865580255
1230.8936757454605
1429.6589989845922
395.45024723444556
1632.0960028537916
487.57092300056195
1513.368128502268
1196.455298618491
1721.3606353377243
1596.020735647603
1873.1107413003238
1463.0815159324854
1547.9372606921709
411.0623940894872
765.0562721216845
1490.045790534902
1908.169935885393
1175.8563856854385
1622.9432806107184
1891.5337676481993
1605.9670194204791
1468.5226091720394
1486.5749379530444
1179.9281126584515
1580.8909749366474
473.65477941054115
2172.3031706985466
1431.893488762153
994.2194184871242
758.4675013047784
709.2699200460377
1857.3584691921
1367.2806220514194
1436.2255154128093
1906.1765533025564
1819.1874355742675
1345.9964749037636
1617.0710539492754
1566.8930122774316
1064.6497983740094
1927.5266607779727
1636.0618945256479
1607.3502880677588
1562.9520652298015
1523.77137174542
1955.1175170382749
1485.4796936257103
1720.888953520023
942.5607210651523
891.8563667924838
1716.0873014512158
1747.6536448186266
1340.7017506970183
960.6807199660187
2028.170637813034
1360.776184059885
1496.3379211086417
1642.3793723451192
1585.7263754652372
1493.157065816554
1158.9441898044906
1561.0349234436037
1289.1295722484733
1909.2742178535366
1195.9395075888553
1732.2026622121268
1682.9172117929845
1559.8343595751494
2148.721829707972
1323.9548855593862
1360.8788605916313
1634.0728688888132
1642.3911541029695
1422.3784806512617
803.1348577449625
1061.2082310110284
1635.0587679355708
1452.4276301847158
1850.0182171803526
1607.3675228296115
1278.649089423354
953.824475073827
1182.0319130907596
1149.523386404235
1899.1687256871694
1529.9617899807442
1223.177575728328
1822.0638186936458
1336.8274323737862
1688.9732629278144
1982.3068204653919
1917.1749702004252
1613.2475092391444
1616.6352942136716
1646.5215732006338
1175.145775815923
528.0295575000068
1664.5232438204769
1973.0834866411096
1795.2410968158906
1624.8391318287827
2172.495756984261
1634.9740929184084
1876.1689497574653
1274.5298266426832
1135.005303352881
1306.0404344613455
1740.0762119135622
1636.297382448165
1651.3911914726039
1164.2103318659094
1653.8924691136374
1685.2695673205535
864.0503471693861
1839.888941400052
1438.9035699685796
1948.777358095819
2102.3613899646566
1257.099100479742
779.4595775368795
1563.316350483573
1799.0003236694256
1757.0270867488614
1674.0622113589181
1038.2921482049182
1905.3760582713799
1792.1107679701026
1812.3197801005933
1316.7998062091956
1646.7939205567977
1962.3939715104589
382.33924017577715
656.8408857598231
1412.726359174332
845.8015234259082
1417.4768933881717
1024.9859405781424
1782.7334049052322
1095.3523802025882
1194.315736944575
1076.1416681132018
1228.2962982032411
1679.8734703725077
1662.2562733354357
1324.8795339128858
1159.0496677837332
1731.4957604445267
1642.6933583623243
1502.9713413457926
946.9838352759351
1952.3151154698887
1529.5863873696467
1492.7858171474927
1293.5882133230098
1501.3819319134755
1740.4998425454276
1338.8631298315086
1246.2131064313678
501.074530657099
824.7391171759631
1551.1345174706685
907.9194780797951
1460.4475094483025
1515.6717835408756
1615.0569849828296
2089.66404708819
1914.8226975648804
1769.3295460944057
1602.5314714213525
1691.14948646939
1424.578465940366
1910.1660798793716
1489.7286319148297
1642.3681469253718
1846.558931578786
1937.6812721203482
1422.1534781937235
1753.0175186026202
1565.2512225011344
1587.6618779345345
1770.7411114987783
945.8269274759906
1137.6672871354194
2008.5396213242657
2035.465406079293
1429.6573858789827
934.0067803276196
1673.2839840082897
1960.202005304713
1504.914650507317
1633.9461818935256
1639.7751966682213
1938.6955908745424
892.2454568204703
1635.637988679599
722.6775330592462
1254.58964049778
1604.9652235390997
698.5958463871818
1502.2515772090308
1601.0038001579546
1895.5525378991586
1792.9812591508805
1678.4537336519975
1146.7200384119349
1117.6050530725663
1362.0493941592572
1906.556537054976
1841.5413571816598
1536.1631061707344
1699.3238658789833
1348.44482250865
915.422741363469
1669.4550160064225
1268.321128521832
1567.7338049077882
1190.8677458999593
1531.3162649975584
1845.0734903854789
1907.7289753514829
1911.6118993961006
1498.9833979221894
868.7560712575608
1862.4359217602391
1256.1871888920534
1633.2783223529495
1326.288162462649
1692.197477344462
1228.056366784494
1063.0346824404407
1191.3799648618217
1644.6359178750554
1372.116105044789
1574.4081449050084
1080.720496151682
1665.3844199120113
1622.8937884714446
1812.6731311738258
1955.6793782428883
1624.1686718808776
515.2382767485797
1361.4297308587682
1141.7294417339492
1299.0221689736254
2145.7169537322266
820.6988869334804
1609.4719207517137
1818.1962722117898
1152.6358544696027
1260.769830348817
1802.5500847634385
1786.0433160172327
1589.9689134359276
1655.054950560764
590.7220507554108
836.7015260741201
1150.6870818068192
1552.995219069694
1600.7230075920052
1628.305420796551
1642.4105108683739
1548.999736392678
1433.3911012477804
1590.9245927099191
736.1033576848985
1658.4862753545342
1779.0928597028933
1914.2667357208036
1911.055314034939
1821.3845299146471
1539.8907223777337
912.2613705213365
973.868855287946
1608.1288170290568
743.987450315989
1489.320410947192
1515.8861947074026
1593.3531176889849
828.1206850168851
1599.2938019579583
1889.6824171382366
945.4167219887878
1784.565692801143
892.1728722263689
935.5376926606674
1743.0403448945783
1270.0797505719274
1795.759454443617
1825.9929877159345
1583.3469075136254
933.2713581370017
1503.8480897559389
920.3831413300578
1347.924325357404
1594.3263044594612
1130.8830447195583
1644.0106733438672
1549.7903740812321
1128.8141489023358
874.3015502061527
1440.143969388272
1070.7673501634952
1787.749933517916
1298.9766605813368
1257.8197066746031
1629.3368804276304
1417.2058845974595
822.9719617438892
1194.959220358103
1534.6117176240712
932.3320843297712
647.0314193842211
656.9509167869629
534.4026082021545
1353.0531288023078
1781.2916898001724
668.096973609141
1616.9637195900714
1540.921215483943
1571.4627862449477
1526.3685545482192
1654.442663530778
1888.0885038557703
895.9310684290717
1425.1045360533262
2116.349227858544
1567.734281738206
1723.62160677471
1320.2477115564993
1277.1685139996112
1681.357770021908
1340.7540772174507
1242.3165364427791
1042.2106432778885
1604.427814618837
1688.5225474232004
1486.4778382855072
1184.6146386025007
1667.962744928461
714.2973707497647
1024.6711908517957
962.8870081878564
1626.3806391167973
1092.485101804891
1422.7665760135853
869.8959377536938
975.1432630941966
1407.0639891294543
989.1434526458945
832.4167529508801
503.5915692996518
1555.158453883256
933.4764715944876
820.9127283180712
1870.9333839268058
769.2892603134364
1936.1927805992302
1348.1549710818795
1613.6800202951727
1807.5928897557449
1362.1643140699794
854.4844297832996
1794.8226941697744
1706.2561801266006
1759.1047177679934
631.3841690061272
961.0122403146388
1013.7527140857038
1566.3237448649397
562.681942792707
1430.6118831992464
1605.878791847433
1494.7811426125816
1868.4485659540808
1139.0156168136866
1103.1853145943235
1689.3297549786607
1522.864294641407
1924.9568819284366
1957.0315832244537
1497.1198618364645
1689.4414869145307
1699.018121359197
712.70456330796
1600.9710706710923
883.2243344574862
1793.5935685245315
976.781007989158
302.5436723951297
758.6917049525198
1250.4318418439889
1722.1820783183489
1841.4705402615161
967.7689133196295
1484.386843707568
1348.1268780990467
819.9761597614886
1373.6866635813062
1620.6529058929173
1485.7422529537353
1627.437703513245
1890.7869474315248
529.3551277839455
1623.8770403301985
805.5786775030148
1799.4267106761017
1154.3669362719636
1218.019631475647
1062.6975050647409
1900.2874028376025
1360.9341634722664
1283.6943902846597
1954.678835834781
1608.3692463971013
1205.663270278758
1876.43751828034
1588.906031202106
1526.2024135627378
1968.5780649082237
1733.7121753438603
1154.693874473984
1511.4494971674342
1355.445881662717
1631.174159924967
1172.924921880139
1719.5201635397095
1156.891266682873
1626.9974415269462
1614.0967621183274
1778.1283744548632
1759.1106398607515
2176.3212222547595
2086.75589548112
724.5505506216307
1505.9218053190698
1597.8352196969142
1533.8124965394438
562.175896501498
756.4583767932623
1153.9716526692732
1973.4219859878183
1332.0178882779996
1372.5098951931427
1776.0514670954856
885.1641821651971
1627.3008090545297
1575.8463008475105
1731.8393462384888
527.7650231031814
958.0211943477071
1728.1330461280097
1727.1562633230092
979.7129329526946
1147.4872191640748
1948.4393877274679
1782.3196522126768
1666.2973696170498
1629.14907524864
1358.9757633194033
540.9412057999727
1907.868763125079
1477.530994987153
1215.3733339452967
2174.574435222134
1454.14168125026
1778.446059889529
1207.1224092440336
1613.8982731129695
1728.5574901852642
1945.677337281341
1772.0885470849544
857.566527953935
1642.8525768705954
1296.2762769134767
1555.1577962155343
1861.5268928938071
1406.9195975919367
1721.5549889418373
1374.7571826764286
1770.3078709437507
786.4887169298203
731.5083225914109
1081.3571094821605
1336.280914873786
1785.6473532941204
1121.8942852586993
1822.0860922142585
1265.1685365822984
1456.546552109908
1519.6322326611162
1424.1250468530357
1381.9962754234064
1195.0235807543695
1909.3769612302287
1932.9503949764169
1282.5563219738324
873.4034261850517
1128.5951743709638
1505.6680578447942
2078.6923827747205
897.295816681596
1693.120133975676
1444.6955623457932
2095.685705869644
1423.1331389223562
1888.5677878791034
705.5883067707194
1619.783229425325
1351.9300049002547
1158.1842331970881
1523.1736241546223
1192.9634509615946
974.4579541474479
1599.8191578818564
1181.8832983045822
1779.5647600947952
1494.9893764698643
1441.0727979652575
1673.7915503870574
1442.350386599178
1538.4992005124693
1351.1150267266075
2172.8256179914747
1508.5001366591093
1447.4282451425518
1154.1777520545568
1224.7966503071373
1896.3436478568094
1604.966821361816
1567.6580240583
795.184755370058
1437.6898868273415
1767.217288628927
1628.3512060806831
1713.1865749120495
2014.708949787491
899.3877824789855
1505.421695702952
1744.7898407852144
1667.208517973069
892.3078555088518
1934.0315607012449
668.3741663900969
1560.3420476151487
1629.1998257041334
1539.5399589383135
1242.63539379774
757.2151612066548
1171.9317930919624
1741.825702849677
1089.1619334768732
1589.252450319503
1722.721679251361
1502.0782138710047
1752.0504815073866
1285.5965332500284
1911.394632735462
1607.6016466990084
1624.6532847853214
1730.8025792391518
489.2759371922036
1283.1448862318234
1122.0616167798044
1753.3751227482571
1857.8661014950321
509.0909832089626
1219.4707584563785
1311.155405735709
1639.8740359826031
1922.2432516362214
1329.5657249320325
1884.7801922881877
1832.4625411815769
1088.4008593180163
1632.9147262170593
1882.1395304781465
1560.3707779417907
1559.023648076131
1457.6178197677339
1126.287656695902
1935.9793626229275
1436.5342960982703
1298.6564105169782
1483.4899209837279
1752.873453957266
1348.2338097933734
717.04237580242
1419.6905023715176
1884.580616295371
915.8327862643713
1453.0349620960171
1603.0509539439463
1356.3577702669004
1496.2862156237925
872.4592249280722
785.0420979900864
1697.0274914627882
1641.4632826373845
1140.7880847856582
1187.9504448709063
1881.476268607226
1552.723245969168
1787.437127118882
595.0716997529821
1525.092899856272
749.7395657451344
1311.21386912421
1447.8365855332452
868.5932284572374
765.0986984787157
1456.148046065713
784.4635571457826
1811.5952525472023
1334.0808089781726
1251.6800872788288
1896.758224906384
1321.5100671383063
1504.6348608254252
1482.0438434676907
1324.7997790371858
1409.773264404173
1348.5223412929083
1357.7752159100528
1628.47533487575
912.1474580285006
671.3563114300745
888.7633084540179
546.2972027503049
2070.861714186201
1724.9238803258281
1280.011655884616
1121.5347405906307
514.8271870770848
1146.9085727948855
1434.526534307637
1428.3023820500327
1286.0897069319026
2147.3226815985363
1241.9195678809094
1360.1146541462983
1520.5722636336732
1809.844291718255
1771.9663422895549
1649.815303275086
1653.0636403592425
1318.3973631897552
1679.403743573399
1819.6150232459468
1433.8595441930781
1643.378232265381
1595.4651434006191
680.522894162643
1676.8856769140043
1246.8096359133085
1113.8664838727948
1857.6827712875292
1883.1978421631957
1932.531752681596
1125.9271985693194
1589.5622969642018
849.0105530561125
911.0555665717264
1818.9188637025766
1124.9225351588964
1636.6638185181944
464.98327045171493
1419.83288156438
1754.7343191693583
958.0121080484794
1633.4796819673957
1712.6548364770113
1881.9885028393976
255.40529681381517
1349.3449815114673
1988.0387651956596
1917.042946759032
759.5135098875851
1351.2500092370133
1636.0780405362977
1735.0293423987948
1690.3639281135818
1920.7326681892384
1378.189804699106
1515.8691017452472
750.5911431670548
1507.307638112747
1138.6693219812678
713.3118478163375
1435.115049973576
215.4006460129036
1850.0684935018148
702.7678266278624
640.0231414591185
1604.9950937552292
1302.6827165703746
2086.577522479077
1317.597686622323
1876.7292119070075
1941.025392843283
869.9912156703849
1876.6871940651697
1554.9015935528485
2015.689116231861
643.0534982468638
687.6536261689029
1660.1972849087138
1600.322018820707
1627.6224425307644
609.9402579106616
1687.4679893184048
2140.7969878349036
1156.5010619217621
1168.1634855718648
758.447654818848
1711.6496952510531
1815.9198948739886
1636.8377699977418
2082.917982503331
1618.7528754831571
1540.994599064427
576.5118361376954
1148.348347520941
1750.2929616032297
1970.456340702041
1687.0629772372354
1801.8733719962254
744.9074442194658
1655.7432869225422
1403.4672104076476
1954.4904611870395
1317.7387559530468
1362.1793887850479
1624.5214845659568
1598.34157625345
829.1216707940347
1918.4124445093382
1356.6506989317902
1515.434996709154
1831.7450353213494
1380.325302835138
1223.4496174554895
1492.178044213912
1925.131614881687
756.1028563611113
906.057759126401
1947.7911463118276
1742.371211533638
588.3268153457932
1593.7476256858965
1508.8924569498954
1513.789287219937
1850.525708643662
1806.072631017842
1279.8869200983897
976.2391320160049
1694.967313668761
1533.626314404438
1603.96009665542
773.1965567705905
1445.9496998347759
931.039730775595
1484.363415240284
1330.324623681763
1469.9674234503339
1860.2740693228238
1666.4312778955984
983.3402951045738
1602.780039140823
1485.2131743821863
1203.7688677720607
1358.4348699250868
1813.2344738623676
1756.8715722703396
1631.970042878129
1744.4804688194151
1495.7839415542085
1908.2213409762871
1639.0626110870578
1859.3040662721814
1848.065268594155
1200.4604992025584
1417.8735852344332
1613.6618736225728
1228.8807561497945
1720.5696884348852
1694.7744492609902
1872.0772055033012
1426.5169600786694
1691.5809368102018
1993.5295232956582
578.1110672045743
1359.896597808415
706.6176501751029
1731.0565423809035
1520.6325567559954
1653.7191318749742
1383.8819497332431
702.9239788427683
1353.3311064872908
1401.5133191373673
1433.223564728307
1248.4357574492174
1805.8714900382458
1872.832627653689
1310.5328422635982
1941.228815612905
718.1430704423909
1545.0790461105146
921.1906202204186
1547.834834687299
1177.0107196205108
1137.892807667055
1661.083729688694
1472.6661841372527
1135.355764684371
609.8788782410647
1474.8356129987526
1430.0558970146133
1478.212895917603
1812.23956963986
1689.2850516653216
1449.368589954491
1749.5329958800676
1682.4299882546065
1471.056110726551
1518.9178715874718
1337.4723009247423
1279.6206953737378
1450.1972195893843
1939.8090426228314
1042.5029029785023
982.2668868982407
1917.6684400536951
730.126270414752
1760.4452401499063
1560.627952799475
1486.48105814491
1352.732002668332
1776.7099464138983
1363.6712513905009
1853.28821623599
1806.4566268634726
983.0739543979477
1737.9380025278886
1141.4988921617548
720.3760529397825
1416.3015474789324
742.2626977519693
1709.9685561123868
1901.0319413062764
1533.6689949009779
1478.897842589467
1677.2783160178278
297.7429344369765
1644.8125561354198
1156.4624310590793
1269.2418255923526
1678.252915887808
1104.0729125946468
781.9100473888485
1764.344208390388
855.8461921135541
1344.6504177147644
1724.34826895449
674.0171524986172
1538.6237640432355
697.6937586874138
579.9991627593513
1446.8104494617328
1579.8001035967927
1237.2089124948943
1622.6250994358081
1494.1901973381066
1085.7115552361277
1878.274538906937
1658.3899355986152
1637.4647970854191
1633.6331660009182
1443.7820481516248
1448.7535189563216
714.9268981315353
1694.4067944822598
1850.5412338084273
756.7959965348819
744.0299527567981
1054.8853370952786
1694.513274597888
1862.893667953614
1147.8851927623775
1943.6261231094531
1301.1588003062336
1185.1304156846763
1911.4426821917602
1181.5418386598956
1914.352730832598
822.3909522070132
1420.0284946367801
1536.860197351762
884.6447757797207
1829.6285183215402
1291.5624015051064
1201.0436202696114
1787.0020995193427
1304.0457880044412
909.5643698386612
1787.5197128568104
1998.8386489444513
1634.1917134916043
1489.0185748676884
1134.6884288433512
1124.649027197802
1317.7029290304686
1554.7650189002331
1261.0396588603967
1914.8724283111742
1511.7739458030164
1302.7205661808193
1205.8308746355847
761.2220140909889
1749.23255040515
1522.6437237896187
1221.3664958181828
1460.340811987985
1882.0818638476799
2140.2377095040038
779.7032944961152
1763.302052413672
1696.9319410050352
761.1643737432008
299.3863238213469
1528.7236166489295
1337.354039779998
1334.3863245655189
1112.8519756004841
684.3158445046615
1622.9391936943316
1701.7330579644527
1449.127685952756
1707.062880704463
1523.9160384457207
1410.6524820359145
984.091608020863
1562.0387550690548
980.539459969447
1135.250060516096
1571.0433391184067
1144.3347900769072
1076.4114487090415
769.7792653745425
943.045350473188
1767.6126762302695
2082.5565426025655
1743.0499210883288
1854.966842415934
1167.7437505881314
1625.6120340358812
1664.5059641267524
1174.663083381148
1318.7131050647688
1954.7207921231652
1207.21187011483
1651.4319062906545
1649.0662189032805
1980.4612191871602
1517.2452465840745
1364.1681436002168
1483.8009105791418
1920.485974515763
1039.7989318870982
903.2582708687426
1441.663554113885
1561.0143352071289
941.27829436799
1060.9741271106675
1199.6894046747973
1218.527299275819
1776.789363042741
1419.198252271941
1352.8372237160333
1825.7309063618384
1508.277529026632
1613.6880309403043
305.18396649469673
364.70357494697316
1952.5990678074988
1679.0337180315896
1074.2512034346003
1859.3674710918065
855.5017638136843
949.5290142882067
744.4474926101021
1655.7776075961272
1161.845410583248
1985.360909308657
849.2669142273505
1507.9669997955866
1412.4001098715078
734.4064297610348
1743.5963918302816
1154.4003035438984
644.7542393042963
1348.6289795527712
1744.8677615934905
1657.3868388076526
1275.9754217984232
1905.2374542787595
1459.1501659599976
657.4379684253521
1827.4529917137345
2087.625021854147
1422.34445086492
2067.8207488168177
1216.530471609029
2145.9675581494207
1192.3774975765189
1828.510414603656
873.5035534660337
1459.443354752804
781.3422475814624
1165.0749977619064
1464.1596265270546
1493.7874853744313
1349.183144307709
1530.2634852606866
694.633327404141
715.1288956941096
1517.1435767016346
1297.1243355184545
1931.4579339660058
1883.9337493627067
1618.6324907171056
749.5746179215507
1372.980223367077
1145.3114765795322
867.2229741202422
1631.2070863564784
852.9836662833553
1491.3575197241098
1403.057094123989
1408.0179887464105
1422.676159601714
1660.809413371852
979.3828249275532
1045.8245187863529
1828.0851761734366
1351.4038447665596
1872.5786116956363
896.5355736176608
808.201254887418
1842.3509241826328
963.6821072500646
1343.7983340399117
1690.1677026558448
1520.7038184370908
1289.6432198047087
206.39703711646678
1823.4214949093916
1316.8339131620057
1991.0477367715325
1359.741548746699
1540.72512068573
1234.1165440409848
1916.6676129202883
1729.0274166138913
1695.2847756912258
1632.971396810101
1691.3822183468524
782.708348520091
1899.970334397672
1509.022877002044
1495.0266108799838
1736.7070806191025
1805.0360032365684
1499.2658338348504
1333.7520047870112
1783.1480986234337
1764.801276092907
1171.9505656980243
1740.6779274525231
1358.4756570513566
748.2834275331049
797.3341804489143
1412.9283609952554
1914.8651010280935
1169.9940172545796
949.930744707606
1645.331438884435
776.9915371245053
1583.679009241721
1327.373387857199
1148.9081851826243
1544.602471516373
1537.232330599704
1554.7384638067622
792.318579677156
1736.073701756772
1186.4025269216759
1139.2562446096963
1133.5426034790744
1471.5673488793702
1509.2232505169552
1556.4387534939249
1047.9850344850702
1309.1803573563827
873.110412517424
1797.7058354346289
1212.787409139693
1659.5268455009887
1199.250719932853
2135.150882299758
1754.735325451854
1234.6227775574073
1805.736378640472
1210.5655816904577
1775.2222703605835
1571.8607025088104
1208.8690069744064
1538.799833007936
1568.7857277846485
1351.6030621597843
654.7455752086985
1631.6875217919999
1425.6641431152184
1032.998640247182
2031.7120790193414
1300.9672210824183
1772.7390755484241
1137.6943947316433
1493.8131901818283
1168.5872669087573
1937.6248184070062
1518.0303640184559
1911.3909555582711
1627.2881099572862
1573.5474750221751
1741.270937308038
953.8650628188481
1641.1261348291866
780.7208456524769
1389.4864796447498
1095.1885860914376
1220.3257648907959
1197.1039772294378
1962.5625378006723
1784.6685087407586
1544.1156770050773
1170.921158854221
788.7902047349874
1624.51962968698
2119.081827937192
1760.029270261722
678.9611872218939
1214.0636764247977
1110.6313072148967
1558.140541364329
1482.260417503847
1523.049957792109
1570.229740124141
1490.274960641313
236.56215996549662
1535.4123467294746
1739.2953746939993
1447.4783737750706
1631.04311628301
1075.8558953637196
1872.7141934552637
1804.9692670762336
975.7054678502888
555.9401667905104
2131.489822786109
1146.017950615176
1695.6483937971223
1693.6910688762655
1374.6527318832302
1935.8640118106619
1246.5238327203913
1646.1140347970104
1789.5587777397045
509.3921284428974
1294.5183478158515
246.7650732475481
1759.8259074657958
758.1806618205406
854.7884593689653
1768.3411596238207
1775.5430433629456
828.204447735459
1398.1482463144318
1544.1808963965577
1968.169926462516
1826.337325616472
408.50425944890605
1609.6109448243362
1114.2020031751315
1884.451271798173
1229.9187360596625
1945.5452090251706
1868.5712763491767
2020.0314741122775
1489.8827954719443
1670.6522122883782
1202.054840145854
1472.979774778099
726.0882186414137
1660.1863046325077
1533.1460468330097
968.2316610670721
1152.4187709876248
1674.5423573450175
1334.4532334063872
1727.7376349751628
297.97067104653354
1719.9621462532216
1688.8290487286038
968.7215487978356
1064.894614110959
757.2594719597623
1495.0552062999102
1037.9869115124598
1234.09489889618
1248.3759199039955
1126.9699919084821
1529.4113996186668
1498.3669799622312
1086.3605399307696
1380.6331731554565
1571.1942804234895
1447.5620906564002
1508.8231987551887
1333.4197484406707
1765.1257254833763
1891.607122974881
1158.6705366578437
1199.041062586219
1085.4568520488017
1605.3006680284193
824.4288078227881
675.2372336625498
1298.1575495447532
869.5712100138206
1785.3405225110707
1410.8327245311916
901.9592616760466
1821.6121493698354
1147.1412686347257
1967.3034174723607
1304.1753023774857
1132.807813348838
1382.7726927467993
752.29370377342
1309.2416772316085
1314.4640958959997
1390.4970200629375
1834.3365957746714
863.8877508915808
1300.2804688257036
1421.5992534722554
1715.7503590511712
644.2941876444897
1479.1248775462077
1319.1673760856797
924.5495574234658
1883.2732312352384
1863.0450788965597
1061.3400187439918
1341.861389491483
1239.5653995985774
1671.2224515276387
1647.3585858117603
1375.2698064909528
1219.0942084563785
751.0744229157235
2003.583056226199
1172.4125613692972
1944.31874315211
1188.1406474103542
718.1394528704499
1961.2938281365189
1416.6668030524474
1513.3591990513298
1195.7876819216335
1602.4171816046041
1502.1103928449797
1296.0928600260845
1258.591879158897
856.2052953484817
1402.4204100408422
1338.903327516151
1351.9301186461664
1458.0852947917326
743.9075813034931
1406.5861007773392
1110.1288382073476
1282.0123480789202
1437.971062937491
1657.2520048525837
1971.519481966977
1617.0009897746363
1227.4036934068715
1902.2812875808488
1050.9532897100398
1563.7806304471083
1111.346401175645
1623.461111523754
1317.693086039684
1198.5180780873384
1577.6256158099015
1619.940150225748
1703.0384174742046
737.4063721736853
1235.2511734062048
2036.6180855033836
1784.9777721920027
1691.8376855705683
1397.7119332193963
1949.348121596987
1736.3784496707449
2037.6637131404705
1601.7334695509937
1515.0185242510265
1539.5150529947962
1864.3803935218236
1497.7433944067782
1225.0562507158036
1462.8147332307458
1493.550588532161
1267.0156510377674
652.944485842739
1094.6614203959377
1823.2478424992219
1279.6406514157088
1549.151135056416
1818.582359363162
1764.915692582751
1565.9520691185476
876.9937934743041
1560.6149829400206
1867.7259372181547
377.2209703596014
1434.603798340368
1387.5695017627531
1591.8989482371517
1586.5784632876005
1137.472685064476
1373.407194044733
671.7469071151892
570.9121211132748
1314.6776982310203
1548.2724258605306
1959.6295242825788
1845.7951626290103
1765.3529255622161
1480.0495490537132
1659.9823072378992
1680.4760944721954
1893.7430400348162
892.6111070265848
1732.8403698907475
652.6619218671326
920.5402441912732
1153.9201516436622
1398.4491102286602
979.7148352838299
1610.0588252201637
1236.813339306714
1563.7629193059186
1641.9597569228763
1590.1743346728274
1397.542738957326
1423.9146081482347
1680.6593526108752
1287.786564432124
1638.1900707426114
1927.1556705301507
1665.5426972042958
1054.0742849254996
1279.20439587865
1737.1170390051097
1220.6532543051947
1361.9451945141232
929.6554117196496
878.3784050641476
1470.1515498481979
1742.6943748563376
954.1440808426777
785.513630298202
1156.1437993393997
1738.8728990350205
1385.1742993366665
1333.1734040275676
925.8145083872483
1820.8854324291556
1547.9733436137576
1606.9708570453122
1645.3404520076874
1402.922870997776
1248.3829744623451
717.3453739265182
1407.352686901266
840.5759498959925
786.163549205557
1815.6820254423076
1956.9131687791264
1253.4320402995859
1953.7533841659615
893.2804856345595
1356.5135944180836
985.3593035804209
891.2932396531479
1078.9666771157179
1222.3611373774004
1527.2460372376222
1492.0526049241041
781.9105486179932
1498.3912670349298
1846.0244392649925
1482.0504669785862
1311.420889609016
1695.2705717401088
1595.6323182606475
1945.8771247652996
1240.742508149111
1019.1587075041745
1389.410872784216
1646.097890730633
1332.0989169733323
1223.2229732143135
1561.0273053632056
1160.5832819585578
521.3209799483916
1666.6746822582325
1654.6092455835637
816.8257489235432
1219.7176477372338
1204.2589019624202
883.1462624510899
1613.815722378844
1530.7062122455732
1205.0937870455666
1235.2465732006324
1595.3112093662724
1611.7342767005432
1696.3799897325025
1725.0095508903164
1450.5449380581695
1443.2725418894302
1704.555447989816
1787.9271489211046
1682.5975100050273
1972.414859655595
1830.4407960513363
1634.9354112282763
1668.1183791393337
1182.9376256688515
1490.1682578794757
1229.700743930578
1190.9980534729157
1751.2293783185155
1353.9983084132252
1186.2325158956874
1674.0837056552048
732.6351078392895
1766.813644801037
1136.2798194241593
1022.1485860962091
1005.58733567475
1911.0889177050028
1563.961521057336
1500.1902666637259
1625.3073026940258
1435.3224474140852
1565.0822822247064
905.3534473857745
1362.2083134294044
940.1819602523816
1488.6933664024732
1670.4957731648874
1059.3276030194254
1389.322393449893
1486.1094209945047
1014.3197795276752
1209.6960996829096
891.0068801814571
1505.7198435964503
1785.8133280203679
980.1268281494714
1219.2508423589027
771.258678745072
1530.8886946331722
351.7363098808623
1104.0201111366805
775.407368781743
1428.240579503191
1608.3118649654775
1982.8421912510664
2097.878239248919
1348.958390251223
1904.9973399334003
778.718898541542
919.0892453792987
1912.065728567737
1518.3241411702631
1298.7692120078145
1425.4338478753177
1530.2950749693541
1215.6923217220397
1915.9208603198713
1544.4883021825158
1061.5178732776108
2103.409300287168
2072.84440467321
1968.7050666390364
1611.8254244547893
1552.6069828447098
808.9805323996574
1574.7621199958708
1210.903107271284
1517.9802200741478
1489.0487885771597
960.844732417235
542.03607614868
1911.175111694929
1442.413732070486
779.4829148424079
1492.923967691672
1660.8217352858924
1242.3033892303256
1631.469124244535
1923.13309788302
986.0587881120159
752.84256180422
1368.8577300730956
1714.1525991475116
723.329388830253
738.988869617521
572.0781989458333
1832.2628136698859
1671.9261329204953
1397.3249285359557
1866.3766139180632
1301.5840878322526
1832.0822583946583
1632.6360908192587
1376.2000418043626
1515.8272776403599
1930.7010049959636
1597.6992342737806
1262.1500225668326
1588.2969376704245
807.8423338793147
740.2416678425149
1530.1932055014327
1586.2078505379598
1553.7808141407243
1592.725384759258
971.4002693891306
1807.014251858058
1740.6411301176322
1676.548482782328
1942.3859123878437
1592.7895797754215
1692.1541998248085
1457.7315083169785
2162.0042391968163
1786.0774943241513
1189.8164297075136
821.4594504529917
731.9667206311188
1771.8470879351478
1133.6337925104783
1624.1781680539775
1696.8406803851155
1531.2235211596178
1130.513212734841
1429.9624772342102
1375.8538730587204
1509.893378906012
821.0429375613214
1256.0533069250207
1797.9976790402225
789.1828054951718
1634.7131276845942
1077.623219680212
1646.5244073941763
1479.9484452737747
1165.7013975087823
775.8385938325006
1492.1708577914712
1531.1874718959364
1539.2203068505949
1535.0886272255223
1206.6334213897367
1631.8100007577732
1362.1787691648847
1438.8450660189737
1368.978225808125
1781.627150895439
965.0799891417306
1762.722084194306
1707.3916449547796
1585.4713769898704
579.6785694932289
588.7400386986881
1812.4106796920935
1067.108839260546
812.8091792854864
1609.0422249761455
912.5529140801957
1647.7017357818838
1731.6956127924866
1446.6228495592197
1775.178643387153
1672.464654767177
1567.8214632080985
1850.9242951278882
1844.0444568214093
1329.181185155901
1499.6201879410605
1487.4478348503337
1539.6851325515609
1185.3762801785429
1072.0808551324662
1512.0825514753503
1278.9728500554443
1219.3118007793441
1573.1495882082493
1647.6710051934324
1276.373753365332
1506.1849604413085
1774.4240074102888
699.4509699249086
693.2312749750116
1631.5491373430725
1479.305493397191
1383.19906805293
1743.1487563264238
1642.6364990189402
1213.0116599370065
1083.9294813212684
1658.064568060413
1381.801033360084
1061.3883439763454
1890.3995287596308
1477.0320958245356
1852.7698238501032
1503.0695145431353
1723.9373138928138
1146.6304341735226
1460.9894657543844
1677.5971711324223
1786.1428206117223
2102.023604092365
972.1938355419854
645.0197408109891
1257.5226629058166
1491.6271927829132
884.7807805870095
711.070118249431
1834.7767841657617
1159.3658472609045
1826.9644882944917
1300.2368413898337
1740.8935287012819
1836.2130089441773
1704.1166730477576
893.2158914955876
1497.7028611975625
1680.936873614951
1165.7652170198967
732.6764675469532
595.2128754673004
1213.5118035456203
1766.9153529792827
1616.5535884605708
740.3278178120211
1333.7629178494053
1498.8821286918621
1672.3294063872097
1537.3867036317565
1938.4655014254788
1970.588796406341
1842.9937438504357
1476.9158289587656
1959.5807721955757
943.8037814807274
1165.2910533169052
481.98335685739266
1660.204089244308
1491.1795513134514
1317.034659195778
1527.8157063521944
1617.5066225643254
2110.9262092622457
1809.1819658506336
1776.8680899192475
1462.313811326897
1381.5983437163418
1504.8887244049738
1642.4671522141948
1980.2439746751304
1919.1023072228463
1358.7577057306555
838.0201608613902
1627.9216252622953
1506.3632918470978
1159.520134483036
1424.8645611179318
1402.3148931538424
1892.842416080309
1200.4522720585526
1136.253312760545
1227.580133359307
495.64338909083193
1521.5647387787483
1576.410879069662
1502.4279083558922
1439.3228900547742
1227.5801725591073
1179.2118963795099
1344.1635657170614
1135.2538749304588
542.3091605024306
1554.5407284866512
876.6519604256233
1617.4784356977975
1073.7849432678152
1934.8278558286847
944.8034042762073
1948.47882492588
1827.7940667579692
1667.7654815096482
1619.6562708031104
1915.4014132660943
1261.7559495909102
1783.1615322932678
541.7035034221922
1221.7999793528134
2141.8094357060236
1070.4594173855437
1282.0888947102346
1365.6416824047624
1627.2186866785846
517.8565364663068
1490.4763489783822
1486.6074884635746
1321.1676797859081
1880.3802296936992
1886.6215681246083
357.85351144795914
1540.6668548845864
514.9393064064219
1622.5150085469459
1396.4210520366912
1613.8875260155585
1440.0394323071384
1788.9346905937996
1859.5838096203777
557.1468701808132
227.33350271757814
1346.5163726727708
1152.4143650940177
1215.944112410167
1405.8464436973804
824.6785012167524
1750.1720124756644
875.3553502352379
1794.0280031594511
1539.6351248770402
817.7083966280662
795.6010865773852
1235.6603139240199
1660.4008951932128
1652.9335871569292
743.4310382299
1634.4719256526196
1557.9461366380153
1056.1637623414917
593.5188320147632
738.1360009950491
1540.2781066594887
1251.9486236525063
1100.67832295539
1423.0655789548478
902.1835978972337
1670.0553214570427
629.3109621710386
1236.7388884782636
1682.487081588355
1606.4775104450828
2002.5684053292364
1677.3881677187642
1431.0196244300616
844.5761073680228
1737.5773514598463
781.2631939147801
1546.2070001745608
1172.0552436297032
1619.8571823309476
1291.0885980063813
1208.9613831335041
1498.7299314329837
1500.9067318633624
1513.9638077264694
1512.7997056087256
1896.7606107010347
1780.643847844987
1820.9671887500285
795.8089683038072
1821.139157639027
1289.4947674969478
1494.3324937074433
1913.9501927004521
1647.8654417018397
1644.7595558321882
705.2794058132187
1303.3235362199475
1306.2619177489732
1932.3038055642692
1426.537769226466
1810.0283792354276
1755.4453304526305
775.2976936270419
1609.3201697016796
1671.6167776209825
1762.9474767844931
1125.3600727578191
1087.4016362345074
837.783927702383
1486.2039209291802
2141.7926668135265
1055.3767682529979
1748.8307770896333
1553.128829632368
1243.3858856393056
524.6690804954007
1646.0318531317225
848.3594744212751
1503.3424079385325
562.1373667333219
1139.6268194414456
1143.042048580475
1319.204906434372
1807.2008687730308
1984.5330401534668
880.9681194127531
1624.6474880391202
855.7239761101406
650.1071725050773
1378.3623802398708
1205.3100036290455
719.8759243014453
1530.1887832531393
1748.1220037969804
1158.7083395217553
1542.635876579921
1181.0307320311188
1289.305574720182
1524.6152750394338
1488.2882419071632
1021.4886002098181
1293.9884472825158
1346.1568847475091
474.6453923169087
568.5055218506492
1599.7816523678084
1159.777569640413
1157.8812234515467
1009.6044796159515
1330.8784772183876
1074.5308685426796
854.7840391332832
1740.6010621560658
784.4223234448908
903.7052019279
1344.0786746173756
1613.6156959853918
1567.5083954978322
1126.789589808157
1556.6883019303182
1633.4359744950598
1648.437621912811
1444.3773106419687
1871.0629233108825
1381.9081145336615
1639.260479773852
1786.701562954941
1090.0783806448285
1724.2366135739267
1430.5051742613045
1877.9716326969276
1381.0930448657475
1265.429477759102
1711.1799122946622
1398.7099607638474
1856.2042977413687
1892.8782125911168
1864.435818781948
1853.4278169318554
1643.5082395548336
1117.177306785864
1596.0409296154567
1665.3581322128077
1310.920239190031
1367.4363664679772
1133.553338191089
1655.4767687952035
1960.3926896237344
1755.0729829071056
1912.706759247749
1393.3662567716744
1030.329746653014
1378.1814981445236
1630.4040879680806
1487.6473132306298
1728.1485008202349
584.209461187701
1466.5913552124282
526.362743085137
1350.4683458651816
1998.3613174695042
1518.6600111439689
1587.7475298887116
946.5024254818237
742.3584646501557
1662.069563658328
1363.942353771451
1323.2765881793766
1492.7295671374604
1293.762764596126
1924.8272479822094
1622.2353865121756
701.0590853914323
1202.7307216773763
1718.958926894834
1298.5757797519982
1349.4558226124436
1507.163130138843
1446.9156246840914
1190.8814068630381
754.3224022133699
544.8662034751915
1818.866373498419
922.2510025356866
1724.198167507936
1884.3484702021349
1594.6618646346524
1549.4522880388035
1942.9188722634606
877.9656031852312
1330.5871989908162
1498.9107573355814
1291.066208684787
1291.0450249242915
671.571676731662
1771.7987789789775
1618.35587872986
1456.804969776327
405.8918112641249
1145.685052192753
1533.7164949726493
1556.8543910524472
956.3697947905372
1956.9847553427794
846.0378041805672
754.096834402903
1419.9935885515033
1248.318321666722
1824.854844756002
1284.5083651814234
1194.0502539828512
1831.1558106891987
2048.041913333469
1804.180268743813
1353.3725602712282
1104.4365793544175
597.3309105704293
1588.5407455484792
1442.8551803936343
1698.5191058752641
468.6226677027016
1755.1914876105006
1741.0037370695416
1690.7555941068945
1540.2796804884722
1751.6780735661964
947.9135258014437
744.7324482884335
1724.1868252007982
1684.6044327157708
1638.3651318231155
1361.7215667772718
1218.0053371444114
1426.3865236623371
1096.6880863437123
967.0057752679904
1895.2771453384398
1070.5138080315899
1354.861563499833
1420.5655977691802
1090.34020714723
1130.6661395978604
1551.1380762424099
1922.8055853692665
1381.9663481165787
644.0527793063878
1409.8795736400828
1129.6552926193262
1619.8765252107346
1514.430116264894
1272.5469031988496
1735.974613138337
1450.9503665899647
1555.6197500145076
1889.6617911937917
1489.4282694685455
961.5163590361755
1429.4636455533089
2143.3951587184665
1141.8115086180364
1602.373107107892
1481.7662232206153
1098.1179893835708
1287.448412798424
1423.5542966931391
1048.0102915985617
1565.758110548216
777.7432447306049
1402.8852956497094
1048.6551726012042
1187.8496999958645
1532.0054295951015
739.9884069124763
1368.5873772706632
1957.1856755385427
791.5443988836993
2116.430465195093
935.8930377285212
1185.8139562918188
933.6298247037054
1554.5538145673768
1856.364012200057
1426.2393370261416
1497.4413722092345
1221.5853705900474
971.6569907860147
781.7969479553499
1876.9175289697534
1201.7302723716673
1817.043403185621
1643.3203604345097
1677.1857643218655
1072.6259950141337
1511.9309822204193
1458.7849455724506
1781.3275266790145
1186.3118922526075
1345.5368676272408
1668.618893185788
750.0475415580254
1862.0218037598095
1840.905741174879
1814.916756246588
1782.8470613636416
1776.8104278979185
1175.0698668541463
1660.0288543930242
299.6682885951565
1360.4862922549678
1129.1881828070955
1364.87222185279
849.1112049143585
2141.788828962773
1419.2912790407947
1351.0849981973588
930.4828533526751
1948.5320142753644
929.6099800762127
168.15480521336997
944.1746996555344
962.7884336930285
1900.7278255791284
1970.0537757317386
1786.4549366632314
1659.6030872364286
1951.7987897181818
1220.1439300212573
1549.7727582679152
942.0413428357152
1184.145014047175
1499.2884396766833
954.4138047619327
869.8859922886849
1698.272938095097
1266.1457115601625
751.2454589203847
1414.9857981806524
1688.5829469305895
1405.3297255458374
1634.6817604556754
1930.5687469167779
1097.3976732899318
1922.2836232156565
1621.5430534371217
1491.5780004550045
1699.2422210763132
1373.4211552921267
1242.2023771936408
871.2719053627487
1135.0374941860923
532.1174339499896
1614.7537072186167
1652.4310717474139
1643.4310465833057
1497.8551752484561
1222.477149006699
1326.4200741113066
1284.5238791613388
571.4144225782546
1761.408896168538
1620.378666997811
1449.179536670413
1814.3314726466951
1573.7058480757353
1311.5022441101125
2064.2923389207003
846.1077126900875
1177.393768898183
865.8986290770595
1654.0612278038905
1394.4880602259009
995.7488577753866
1207.0127365780336
1804.0509549719166
1751.4847825820013
1611.4486154188307
1426.6542110568548
766.5297030212031
1995.5308908270983
839.9923687119548
1427.9210231012871
1492.852123898435
1311.8478509812142
1506.2822008865298
1327.6590134401436
1403.4275566167425
1113.2411325432067
1075.6050756931124
1961.3272339759928
1593.906284504568
743.3515337713399
1830.9417557943716
1336.7510771984512
1591.431874636667
620.0623893528297
1780.6299314983892
1447.7755107017153
535.3217027234984
1154.2240971827348
1463.1102207578824
307.2583110237788
1348.443201988401
1131.5404687264793
1360.1312358341663
1631.3229921363818
1473.5943294058318
1309.3446747974717
1722.7546258863915
2156.5227802956088
600.1620841087516
1581.9659096245882
708.1000355957651
1641.0378945497766
1441.524584041248
1181.574245959394
1959.354248411589
1587.8892199228908
1773.411814126789
1473.7071894060377
1332.2055897410796
1932.0250418204303
1165.3800644230769
1737.3454275423182
1426.0096505984277
1366.8422843860862
1212.3734585903355
1773.588004882727
527.0723231248254
1065.9953602877529
974.4774864380199
1048.6881904111851
1765.7721314840715
761.0464561535127
1031.5866170988832
1850.054639667016
1510.010312153896
1227.8671282122157
350.36890048338665
1253.7878841326444
1181.2557871573415
1024.4132071516094
1141.4806783700321
794.7635968934131
1625.4543724350328
1624.42513751267
1910.3694151284583
1417.3222371166546
1713.331949612499
882.8527020838608
1554.5824846488672
1652.5003094482302
1608.598062148047
1533.9411519621679
2133.4780293975123
1239.2991979902315
1503.9118541491728
1420.9573751579526
1192.7886431903094
1984.1587599845955
1786.4250567005377
1529.384577314377
970.5771202504702
1630.1109193709633
785.2870755139867
1441.945754685647
794.9785226998556
1795.8612718576433
1499.0259892707013
1303.2049689967262
1544.1444380740668
1539.924531793734
2092.0305023931073
1652.0002470496604
225.03381151483623
1592.0573596978584
1689.929715937194
1330.1640000453385
1035.2575366147041
1403.1744215550575
1527.9554421527112
1310.7163429435175
957.7024058807157
1942.8436117156223
1515.4605592272574
1568.79488862792
2052.3481317897904
1928.5149944858072
1507.2166143147406
1304.2187634498846
1553.776676432655
1637.8943767619958
1379.6142246649733
441.7318348638242
1650.0618237451872
1793.813826319498
1408.2517480746494
1261.311358937229
1787.6010072698978
671.7973971905747
548.8805927454209
596.5882191335016
1875.292810956183
1289.3057467989363
